round0: 3297 0.14002776145935059s
round1: 3444 0.1362011432647705s
round2: 3015 0.13702940940856934s
round3: 3129 0.13962197303771973s
round4: 2973 0.13887310028076172s
round5: 2787 0.13935542106628418s
round6: 2646 0.1375563144683838s
round7: 2925 0.13277006149291992s
round8: 3171 0.1382279396057129s
round9: 3066 0.13629794120788574s
