round0: 924 0.07834172248840332s
round1: 882 0.07832908630371094s
round2: 828 0.0789177417755127s
round3: 858 0.08599662780761719s
round4: 864 0.08204174041748047s
round5: 882 0.07687520980834961s
round6: 816 0.07361364364624023s
round7: 897 0.08252501487731934s
round8: 867 0.07934379577636719s
round9: 915 0.07679557800292969s
