round0: 6582 0.2454538345336914s
round1: 7017 0.24218392372131348s
round2: 6444 0.22240853309631348s
round3: 5616 0.21929717063903809s
round4: 6807 0.24625873565673828s
round5: 7071 0.24918484687805176s
round6: 6636 0.2569546699523926s
round7: 6267 0.25383853912353516s
round8: 6087 0.20443463325500488s
round9: 6489 0.209181547164917s
