round0: 1089 0.059052467346191406s
round1: 1029 0.059197187423706055s
round2: 1020 0.057367801666259766s
round3: 1077 0.060529232025146484s
round4: 1080 0.05647540092468262s
round5: 1041 0.05777621269226074s
round6: 1047 0.06107807159423828s
round7: 1113 0.057184457778930664s
round8: 1017 0.05315995216369629s
round9: 1107 0.05820751190185547s
