round0: 249 0.04347038269042969s
round1: 270 0.04512476921081543s
round2: 162 0.045943260192871094s
round3: 243 0.043303728103637695s
round4: 165 0.040554046630859375s
round5: 234 0.04738330841064453s
round6: 258 0.04358673095703125s
round7: 258 0.04631638526916504s
round8: 294 0.046582698822021484s
round9: 288 0.046343088150024414s
