round0: 435 0.031418561935424805s
round1: 435 0.035820722579956055s
round2: 456 0.038942575454711914s
round3: 426 0.0395207405090332s
round4: 426 0.04648709297180176s
round5: 399 0.041092872619628906s
round6: 387 0.044881343841552734s
round7: 411 0.04440021514892578s
round8: 426 0.04399418830871582s
round9: 429 0.04476356506347656s
