round0: 648 0.06383323669433594s
round1: 561 0.06618046760559082s
round2: 444 0.06307697296142578s
round3: 459 0.05354189872741699s
round4: 573 0.05493283271789551s
round5: 579 0.05395317077636719s
round6: 588 0.06237435340881348s
round7: 561 0.051132917404174805s
round8: 543 0.05466008186340332s
round9: 537 0.05631232261657715s
