round0: 78 0.0311586856842041s
round1: 99 0.03151106834411621s
round2: 78 0.030812978744506836s
round3: 99 0.031386375427246094s
round4: 78 0.032561540603637695s
round5: 78 0.030757427215576172s
round6: 78 0.03089618682861328s
round7: 78 0.030852317810058594s
round8: 78 0.031377315521240234s
round9: 105 0.031981706619262695s
