round0: 1413 0.07691526412963867s
round1: 1482 0.07948184013366699s
round2: 1416 0.07157301902770996s
round3: 1443 0.06536030769348145s
round4: 1461 0.06453347206115723s
round5: 1458 0.06563258171081543s
round6: 1482 0.06735825538635254s
round7: 1449 0.06581735610961914s
round8: 1518 0.06780886650085449s
round9: 1368 0.06412649154663086s
