round0: 699 0.05862307548522949s
round1: 717 0.055872440338134766s
round2: 687 0.05724501609802246s
round3: 672 0.05515265464782715s
round4: 741 0.052712440490722656s
round5: 708 0.04889631271362305s
round6: 711 0.05011701583862305s
round7: 741 0.05561494827270508s
round8: 711 0.04962873458862305s
round9: 720 0.051618099212646484s
