round0: 1107 0.05045127868652344s
round1: 1074 0.0568387508392334s
round2: 1047 0.05967903137207031s
round3: 1026 0.05884218215942383s
round4: 1092 0.06369757652282715s
round5: 1023 0.05556154251098633s
round6: 1110 0.053890228271484375s
round7: 993 0.054076194763183594s
round8: 1080 0.052077293395996094s
round9: 1092 0.053507089614868164s
