round0: 546 0.05710935592651367s
round1: 441 0.0574951171875s
round2: 501 0.05569028854370117s
round3: 429 0.05330467224121094s
round4: 504 0.05643200874328613s
round5: 501 0.057065725326538086s
round6: 510 0.05401968955993652s
round7: 585 0.056345224380493164s
round8: 537 0.05526924133300781s
round9: 525 0.05881047248840332s
