round0: 213 0.040845394134521484s
round1: 270 0.04258227348327637s
round2: 228 0.04119443893432617s
round3: 213 0.04431629180908203s
round4: 204 0.03932762145996094s
round5: 240 0.04118037223815918s
round6: 192 0.03953409194946289s
round7: 234 0.04155778884887695s
round8: 249 0.041194915771484375s
round9: 201 0.0403437614440918s
