round0: 93 0.022666454315185547s
round1: 126 0.03440666198730469s
round2: 90 0.03391265869140625s
round3: 138 0.03438973426818848s
round4: 120 0.03815865516662598s
round5: 117 0.03268074989318848s
round6: 108 0.034299612045288086s
round7: 117 0.034713029861450195s
round8: 114 0.03422093391418457s
round9: 87 0.03346514701843262s
