round0: 21 0.028151512145996094s
round1: 18 0.03177070617675781s
round2: 15 0.028356552124023438s
round3: 18 0.028032541275024414s
round4: 24 0.02834033966064453s
round5: 24 0.027972698211669922s
round6: 30 0.028438806533813477s
round7: 24 0.02840399742126465s
round8: 24 0.028174638748168945s
round9: 15 0.0289306640625s
