round0: 162 0.0391237735748291s
round1: 237 0.04160046577453613s
round2: 198 0.0405735969543457s
round3: 186 0.0398411750793457s
round4: 192 0.0430755615234375s
round5: 159 0.03954148292541504s
round6: 207 0.04084610939025879s
round7: 192 0.04004168510437012s
round8: 192 0.03992867469787598s
round9: 192 0.03983640670776367s
