round0: 216 0.03924679756164551s
round1: 189 0.038454532623291016s
round2: 231 0.039223432540893555s
round3: 216 0.037372589111328125s
round4: 225 0.04113578796386719s
round5: 210 0.03348517417907715s
round6: 207 0.030261754989624023s
round7: 219 0.0386652946472168s
round8: 210 0.03783369064331055s
round9: 204 0.038521528244018555s
