round0: 501 0.055281639099121094s
round1: 480 0.055370330810546875s
round2: 417 0.05382537841796875s
round3: 417 0.056497812271118164s
round4: 522 0.05689525604248047s
round5: 483 0.05725216865539551s
round6: 450 0.05193042755126953s
round7: 456 0.05335879325866699s
round8: 486 0.05469870567321777s
round9: 438 0.0522913932800293s
