round0: 174 0.033432960510253906s
round1: 171 0.034659624099731445s
round2: 192 0.04139280319213867s
round3: 192 0.04236292839050293s
round4: 174 0.03854823112487793s
round5: 186 0.038367509841918945s
round6: 165 0.03883004188537598s
round7: 159 0.03854966163635254s
round8: 159 0.03815126419067383s
round9: 180 0.03853011131286621s
