round0: 3 0.025170326232910156s
round1: 0 0.02584528923034668s
round2: 6 0.02655506134033203s
round3: 3 0.02753734588623047s
round4: 0 0.027494430541992188s
round5: 3 0.029153823852539062s
round6: 6 0.027453184127807617s
round7: 3 0.027520418167114258s
round8: 0 0.027431488037109375s
round9: 0 0.0273129940032959s
