round0: 159 0.03277015686035156s
round1: 243 0.04745888710021973s
round2: 252 0.04275941848754883s
round3: 237 0.04177665710449219s
round4: 210 0.040879249572753906s
round5: 222 0.041274070739746094s
round6: 246 0.04188728332519531s
round7: 234 0.04173922538757324s
round8: 216 0.0409855842590332s
round9: 213 0.04476451873779297s
