round0: 45 0.007086753845214844s
round1: 45 0.006819963455200195s
round2: 45 0.0066530704498291016s
round3: 45 0.006582021713256836s
round4: 45 0.006833553314208984s
round5: 45 0.006507158279418945s
round6: 45 0.016543149948120117s
round7: 45 0.00666046142578125s
round8: 45 0.006529092788696289s
round9: 45 0.006685972213745117s
