round0: 12 0.0061838626861572266s
round1: 12 0.0053865909576416016s
round2: 12 0.005388736724853516s
round3: 12 0.0054891109466552734s
round4: 9 0.005344867706298828s
round5: 12 0.018207073211669922s
round6: 12 0.005800485610961914s
round7: 12 0.005742311477661133s
round8: 12 0.00549626350402832s
round9: 12 0.005507707595825195s
