round0: 3168 0.11053586006164551s
round1: 3189 0.11846351623535156s
round2: 3246 0.11635470390319824s
round3: 3306 0.11637043952941895s
round4: 3180 0.11611008644104004s
round5: 3204 0.11486029624938965s
round6: 3219 0.11605453491210938s
round7: 3150 0.11458611488342285s
round8: 3195 0.11630129814147949s
round9: 3231 0.11297726631164551s
