round0: 24 0.006221294403076172s
round1: 24 0.005858182907104492s
round2: 24 0.005784034729003906s
round3: 24 0.005747795104980469s
round4: 24 0.005837440490722656s
round5: 24 0.005875825881958008s
round6: 24 0.00614166259765625s
round7: 24 0.00576019287109375s
round8: 24 0.0057468414306640625s
round9: 24 0.006071805953979492s
