round0: 5163 0.18297076225280762s
round1: 5163 0.179276704788208s
round2: 5163 0.1785743236541748s
round3: 5130 0.17998170852661133s
round4: 5139 0.18369722366333008s
round5: 5163 0.1761312484741211s
round6: 5163 0.16908907890319824s
round7: 5163 0.19554615020751953s
round8: 5160 0.18312454223632812s
round9: 5157 0.16683578491210938s
