round0: 33 0.0070569515228271484s
round1: 33 0.015077829360961914s
round2: 33 0.007593393325805664s
round3: 33 0.007344961166381836s
round4: 33 0.0071833133697509766s
round5: 33 0.006621122360229492s
round6: 33 0.007542610168457031s
round7: 33 0.007452487945556641s
round8: 33 0.007752180099487305s
round9: 33 0.008098125457763672s
