round0: 4050 0.1265430450439453s
round1: 4050 0.13350701332092285s
round2: 4092 0.12607383728027344s
round3: 4056 0.1225898265838623s
round4: 4104 0.1315901279449463s
round5: 4089 0.14728116989135742s
round6: 4056 0.14998292922973633s
round7: 4053 0.14832520484924316s
round8: 4029 0.1360788345336914s
round9: 4029 0.14204001426696777s
