round0: 24 0.0066454410552978516s
round1: 24 0.0058820247650146484s
round2: 21 0.005965232849121094s
round3: 21 0.0057375431060791016s
round4: 24 0.005704164505004883s
round5: 21 0.031213760375976562s
round6: 21 0.005912303924560547s
round7: 24 0.0060727596282958984s
round8: 24 0.0062255859375s
round9: 27 0.005799531936645508s
