round0: 246 0.014226198196411133s
round1: 279 0.014846086502075195s
round2: 225 0.013219118118286133s
round3: 216 0.013415813446044922s
round4: 261 0.014479875564575195s
round5: 219 0.013950109481811523s
round6: 261 0.01349329948425293s
round7: 228 0.014905929565429688s
round8: 273 0.014124155044555664s
round9: 201 0.013095378875732422s
