round0: 375 0.016638755798339844s
round1: 330 0.016719579696655273s
round2: 384 0.01785135269165039s
round3: 351 0.015965700149536133s
round4: 390 0.016794681549072266s
round5: 375 0.015873193740844727s
round6: 363 0.0166018009185791s
round7: 381 0.016692638397216797s
round8: 378 0.0170443058013916s
round9: 360 0.017230510711669922s
