round0: 3018 0.10914158821105957s
round1: 2991 0.09948992729187012s
round2: 3018 0.0948951244354248s
round3: 2832 0.09119129180908203s
round4: 3015 0.09162092208862305s
round5: 2895 0.09605145454406738s
round6: 2928 0.09600162506103516s
round7: 3018 0.0969386100769043s
round8: 3003 0.09489727020263672s
round9: 2859 0.09288740158081055s
