round0: 4803 0.17079949378967285s
round1: 4968 0.16433119773864746s
round2: 4866 0.1805424690246582s
round3: 4971 0.17076992988586426s
round4: 4989 0.16814851760864258s
round5: 4995 0.15244293212890625s
round6: 4893 0.14748835563659668s
round7: 5007 0.14454054832458496s
round8: 4827 0.1398627758026123s
round9: 4860 0.1435530185699463s
