round0: 282 0.015091419219970703s
round1: 285 0.0165250301361084s
round2: 282 0.015494823455810547s
round3: 279 0.016151905059814453s
round4: 291 0.04685854911804199s
round5: 276 0.017335891723632812s
round6: 282 0.016614198684692383s
round7: 276 0.01625370979309082s
round8: 279 0.01645636558532715s
round9: 288 0.016317367553710938s
