round0: 12951 0.3925144672393799s
round1: 12924 0.3547687530517578s
round2: 12918 0.3496866226196289s
round3: 12957 0.36484622955322266s
round4: 12987 0.34803152084350586s
round5: 12909 0.3463780879974365s
round6: 12957 0.349271297454834s
round7: 12966 0.35289692878723145s
round8: 12906 0.34732556343078613s
round9: 12990 0.35021495819091797s
