round0: 9315 0.2797517776489258s
round1: 9678 0.3054170608520508s
round2: 9630 0.27587056159973145s
round3: 9630 0.27686285972595215s
round4: 9321 0.2986326217651367s
round5: 9579 0.27707910537719727s
round6: 9657 0.26724958419799805s
round7: 9378 0.2727646827697754s
round8: 9450 0.2552330493927002s
round9: 9618 0.25910258293151855s
