round0: 6984 0.2063143253326416s
round1: 6495 0.19894886016845703s
round2: 6960 0.19698166847229004s
round3: 6954 0.21563315391540527s
round4: 6795 0.21114587783813477s
round5: 6978 0.2228550910949707s
round6: 6912 0.2070908546447754s
round7: 6870 0.20539546012878418s
round8: 6873 0.22761964797973633s
round9: 6876 0.22319626808166504s
