round0: 3060 0.1206657886505127s
round1: 3060 0.12246966361999512s
round2: 3072 0.11890673637390137s
round3: 3063 0.12962579727172852s
round4: 3063 0.11619901657104492s
round5: 3045 0.11493206024169922s
round6: 3060 0.12137818336486816s
round7: 3063 0.12315535545349121s
round8: 3048 0.11977458000183105s
round9: 3051 0.11748576164245605s
