round0: 33066 0.9948315620422363s
round1: 33111 0.8803062438964844s
round2: 33135 0.8901615142822266s
round3: 33018 0.8907034397125244s
round4: 32979 0.8475141525268555s
round5: 33096 0.8960258960723877s
round6: 33081 0.8973791599273682s
round7: 33066 0.9438507556915283s
round8: 33039 0.8450796604156494s
round9: 33168 0.8533179759979248s
