round0: 2742 0.0807199478149414s
round1: 2856 0.09521627426147461s
round2: 2865 0.09282541275024414s
round3: 2790 0.09576058387756348s
round4: 2862 0.09220361709594727s
round5: 2829 0.11843180656433105s
round6: 2697 0.09242439270019531s
round7: 2763 0.09106302261352539s
round8: 2670 0.09135818481445312s
round9: 2859 0.09398889541625977s
