round0: 1590 0.13630247116088867s
round1: 1521 0.12451839447021484s
round2: 1527 0.11961078643798828s
round3: 1521 0.11539125442504883s
round4: 1608 0.11803674697875977s
round5: 1590 0.11114931106567383s
round6: 1533 0.11029195785522461s
round7: 1539 0.10178279876708984s
round8: 1635 0.10648846626281738s
round9: 1572 0.11255645751953125s
