round0: 603 0.03818821907043457s
round1: 588 0.05022716522216797s
round2: 642 0.05053138732910156s
round3: 621 0.05813884735107422s
round4: 600 0.06317400932312012s
round5: 594 0.06509137153625488s
round6: 552 0.05702686309814453s
round7: 585 0.05879044532775879s
round8: 615 0.06609463691711426s
round9: 552 0.06818580627441406s
