round0: 2940 0.18877744674682617s
round1: 2874 0.17463064193725586s
round2: 2961 0.16778802871704102s
round3: 2994 0.1515822410583496s
round4: 2913 0.1620779037475586s
round5: 3036 0.16772079467773438s
round6: 2847 0.1801767349243164s
round7: 2790 0.16900062561035156s
round8: 3015 0.1685349941253662s
round9: 2961 0.17349505424499512s
