round0: 99 0.01844477653503418s
round1: 96 0.0191347599029541s
round2: 93 0.019796371459960938s
round3: 105 0.019498348236083984s
round4: 96 0.020344018936157227s
round5: 102 0.01929450035095215s
round6: 99 0.019615650177001953s
round7: 96 0.020023345947265625s
round8: 102 0.020248889923095703s
round9: 105 0.019855260848999023s
