round0: 4830 0.21552109718322754s
round1: 4503 0.2124483585357666s
round2: 4800 0.21705245971679688s
round3: 4956 0.21556878089904785s
round4: 5073 0.22790098190307617s
round5: 4794 0.22206687927246094s
round6: 4845 0.22205519676208496s
round7: 5025 0.22507429122924805s
round8: 4680 0.22626495361328125s
round9: 4482 0.22965621948242188s
