round0: 42 0.008698463439941406s
round1: 39 0.009102821350097656s
round2: 42 0.008592844009399414s
round3: 42 0.00866842269897461s
round4: 45 0.008944272994995117s
round5: 42 0.008524179458618164s
round6: 42 0.008854389190673828s
round7: 39 0.00828862190246582s
round8: 48 0.009262800216674805s
round9: 39 0.008716344833374023s
