round0: 81 0.009692907333374023s
round1: 72 0.01065206527709961s
round2: 81 0.012767314910888672s
round3: 90 0.012279510498046875s
round4: 81 0.010834932327270508s
round5: 78 0.011213302612304688s
round6: 84 0.013167142868041992s
round7: 75 0.012641191482543945s
round8: 78 0.011626958847045898s
round9: 75 0.012283802032470703s
