round0: 15 0.00592494010925293s
round1: 15 0.005888462066650391s
round2: 15 0.006000041961669922s
round3: 15 0.00597691535949707s
round4: 15 0.005898475646972656s
round5: 15 0.005921602249145508s
round6: 15 0.005982637405395508s
round7: 15 0.005900859832763672s
round8: 15 0.005608081817626953s
round9: 15 0.005708217620849609s
