round0: 114 0.017361164093017578s
round1: 126 0.017224788665771484s
round2: 126 0.01680779457092285s
round3: 120 0.016842126846313477s
round4: 117 0.01804208755493164s
round5: 135 0.017006874084472656s
round6: 117 0.01653575897216797s
round7: 129 0.016114473342895508s
round8: 126 0.016327857971191406s
round9: 120 0.015818119049072266s
