round0: 183 0.010012149810791016s
round1: 198 0.01690387725830078s
round2: 192 0.01682257652282715s
round3: 183 0.019232988357543945s
round4: 177 0.017732620239257812s
round5: 204 0.01958298683166504s
round6: 177 0.01722240447998047s
round7: 186 0.020632028579711914s
round8: 201 0.020088911056518555s
round9: 186 0.01904749870300293s
