round0: 3 0.004240751266479492s
round1: 9 0.004827976226806641s
round2: 3 0.0048580169677734375s
round3: 6 0.0057811737060546875s
round4: 9 0.0056705474853515625s
round5: 3 0.005548238754272461s
round6: 9 0.00582575798034668s
round7: 6 0.005635976791381836s
round8: 9 0.005819082260131836s
round9: 6 0.0058515071868896484s
