round0: 30 0.007932424545288086s
round1: 21 0.008256912231445312s
round2: 21 0.00787043571472168s
round3: 30 0.007992029190063477s
round4: 18 0.007773637771606445s
round5: 36 0.00843358039855957s
round6: 36 0.008378267288208008s
round7: 30 0.008214950561523438s
round8: 24 0.008357763290405273s
round9: 24 0.00866842269897461s
