round0: 84 0.013267993927001953s
round1: 87 0.014161825180053711s
round2: 90 0.013594388961791992s
round3: 102 0.01387643814086914s
round4: 84 0.013448476791381836s
round5: 105 0.01454615592956543s
round6: 93 0.013545036315917969s
round7: 84 0.01322484016418457s
round8: 90 0.013975143432617188s
round9: 102 0.014257192611694336s
