round0: 84 0.008825302124023438s
round1: 45 0.00965738296508789s
round2: 39 0.010570526123046875s
round3: 60 0.010727167129516602s
round4: 57 0.01002192497253418s
round5: 66 0.010909795761108398s
round6: 78 0.009981393814086914s
round7: 63 0.010271072387695312s
round8: 45 0.01017904281616211s
round9: 54 0.010858535766601562s
