round0: 102 0.014612197875976562s
round1: 99 0.01679539680480957s
round2: 78 0.016338109970092773s
round3: 90 0.01656174659729004s
round4: 90 0.015447378158569336s
round5: 93 0.015280008316040039s
round6: 108 0.015440702438354492s
round7: 93 0.01636791229248047s
round8: 78 0.01651167869567871s
round9: 93 0.014222145080566406s
