round0: 36 0.008481740951538086s
round1: 42 0.00945734977722168s
round2: 39 0.009504556655883789s
round3: 42 0.008986234664916992s
round4: 24 0.008563995361328125s
round5: 39 0.009044408798217773s
round6: 30 0.009143590927124023s
round7: 33 0.009230375289916992s
round8: 33 0.009248971939086914s
round9: 27 0.009236574172973633s
