round0: 6 0.0027506351470947266s
round1: 12 0.0031125545501708984s
round2: 15 0.0032777786254882812s
round3: 12 0.003459453582763672s
round4: 6 0.003090381622314453s
round5: 12 0.0059719085693359375s
round6: 15 0.005994319915771484s
round7: 15 0.006058454513549805s
round8: 18 0.005888462066650391s
round9: 6 0.0056498050689697266s
