round0: 69 0.013542413711547852s
round1: 132 0.013626813888549805s
round2: 117 0.016786575317382812s
round3: 114 0.021007537841796875s
round4: 114 0.020125150680541992s
round5: 120 0.021486997604370117s
round6: 126 0.022858619689941406s
round7: 108 0.022407054901123047s
round8: 102 0.022666215896606445s
round9: 108 0.021673917770385742s
