round0: 36 0.0067768096923828125s
round1: 66 0.011834383010864258s
round2: 78 0.012679576873779297s
round3: 66 0.012755393981933594s
round4: 63 0.012603521347045898s
round5: 63 0.012185811996459961s
round6: 63 0.012277603149414062s
round7: 48 0.01248478889465332s
round8: 54 0.012465715408325195s
round9: 66 0.012412071228027344s
