round0: 66 0.011320114135742188s
round1: 81 0.014203548431396484s
round2: 81 0.01607060432434082s
round3: 78 0.01570725440979004s
round4: 72 0.015496969223022461s
round5: 90 0.013374805450439453s
round6: 63 0.015582084655761719s
round7: 87 0.013873100280761719s
round8: 78 0.013676881790161133s
round9: 75 0.015651464462280273s
