round0: 40440 1.7570478916168213s
round1: 39885 1.7408335208892822s
round2: 38826 1.707042932510376s
round3: 41328 1.6884632110595703s
round4: 40143 1.7048540115356445s
round5: 40380 1.683223009109497s
round6: 39132 1.6224210262298584s
round7: 39534 1.7073793411254883s
round8: 41055 1.7539029121398926s
round9: 39357 1.6833043098449707s
