round0: 360 0.04270362854003906s
round1: 369 0.04539132118225098s
round2: 363 0.03936481475830078s
round3: 366 0.04495859146118164s
round4: 369 0.04711508750915527s
round5: 360 0.04572010040283203s
round6: 351 0.0454554557800293s
round7: 360 0.046167850494384766s
round8: 357 0.04750251770019531s
round9: 351 0.03771376609802246s
