round0: 360 0.031964778900146484s
round1: 369 0.03717827796936035s
round2: 363 0.04434680938720703s
round3: 366 0.04891562461853027s
round4: 369 0.051564931869506836s
round5: 360 0.046794891357421875s
round6: 351 0.05483865737915039s
round7: 360 0.051171064376831055s
round8: 357 0.05210733413696289s
round9: 351 0.053924560546875s
