round0: 30 0.007586002349853516s
round1: 21 0.007918119430541992s
round2: 21 0.007834911346435547s
round3: 21 0.008422136306762695s
round4: 21 0.008060455322265625s
round5: 21 0.007674455642700195s
round6: 21 0.008193254470825195s
round7: 21 0.008099079132080078s
round8: 21 0.008021354675292969s
round9: 21 0.008098602294921875s
