round0: 5136 0.27165913581848145s
round1: 4785 0.2453160285949707s
round2: 4710 0.23905515670776367s
round3: 4893 0.24152827262878418s
round4: 4782 0.22823452949523926s
round5: 5166 0.24024724960327148s
round6: 4683 0.2402055263519287s
round7: 5178 0.2293376922607422s
round8: 5094 0.23641300201416016s
round9: 4617 0.235565185546875s
