round0: 726 0.05360603332519531s
round1: 654 0.06382155418395996s
round2: 684 0.0714106559753418s
round3: 657 0.0717930793762207s
round4: 648 0.07579421997070312s
round5: 675 0.07297992706298828s
round6: 696 0.07776999473571777s
round7: 663 0.07711076736450195s
round8: 690 0.0744471549987793s
round9: 696 0.0717782974243164s
