round0: 3252 0.20866799354553223s
round1: 3270 0.17971348762512207s
round2: 3186 0.1817150115966797s
round3: 3051 0.18264102935791016s
round4: 3246 0.18759822845458984s
round5: 2940 0.17254304885864258s
round6: 3009 0.17422771453857422s
round7: 3024 0.171417236328125s
round8: 2979 0.16396236419677734s
round9: 3216 0.16256093978881836s
