round0: 120 0.018770933151245117s
round1: 132 0.020773649215698242s
round2: 129 0.020410776138305664s
round3: 123 0.019391298294067383s
round4: 147 0.020586490631103516s
round5: 129 0.0202786922454834s
round6: 123 0.021152973175048828s
round7: 132 0.018255949020385742s
round8: 132 0.019983530044555664s
round9: 132 0.0194547176361084s
