round0: 1743 0.1313164234161377s
round1: 1629 0.11821126937866211s
round2: 1734 0.12140321731567383s
round3: 1710 0.129716157913208s
round4: 1587 0.11615180969238281s
round5: 1629 0.11662960052490234s
round6: 1668 0.11443352699279785s
round7: 1659 0.11621356010437012s
round8: 1632 0.11708998680114746s
round9: 1743 0.12290811538696289s
