round0: 3267 0.18866610527038574s
round1: 2994 0.18091750144958496s
round2: 2925 0.17946386337280273s
round3: 2928 0.1730184555053711s
round4: 3078 0.17423701286315918s
round5: 3033 0.17105674743652344s
round6: 2958 0.16720294952392578s
round7: 2988 0.16868138313293457s
round8: 3204 0.17239904403686523s
round9: 2850 0.1728677749633789s
