round0: 1713 0.13956546783447266s
round1: 1443 0.12020468711853027s
round2: 1650 0.11756134033203125s
round3: 1644 0.10746932029724121s
round4: 1698 0.1088414192199707s
round5: 1725 0.11303138732910156s
round6: 1602 0.10907459259033203s
round7: 1656 0.11655783653259277s
round8: 1626 0.10387277603149414s
round9: 1641 0.10264110565185547s
