round0: 138 0.020520448684692383s
round1: 147 0.019263744354248047s
round2: 138 0.02286529541015625s
round3: 138 0.02231740951538086s
round4: 144 0.022706031799316406s
round5: 138 0.02312159538269043s
round6: 147 0.021728992462158203s
round7: 138 0.021915674209594727s
round8: 141 0.022582530975341797s
round9: 144 0.022490739822387695s
