round0: 681 0.08556008338928223s
round1: 708 0.07658767700195312s
round2: 675 0.07501864433288574s
round3: 669 0.0774385929107666s
round4: 762 0.072662353515625s
round5: 627 0.07213830947875977s
round6: 738 0.07538700103759766s
round7: 657 0.06815648078918457s
round8: 702 0.06549358367919922s
round9: 624 0.0755772590637207s
