round0: 4680 0.261094331741333s
round1: 5097 0.2580115795135498s
round2: 4494 0.24712395668029785s
round3: 5169 0.2559385299682617s
round4: 4851 0.25332140922546387s
round5: 4761 0.248549222946167s
round6: 4707 0.2613983154296875s
round7: 4791 0.250713586807251s
round8: 4998 0.2482590675354004s
round9: 4755 0.25101232528686523s
