round0: 2811 0.17211318016052246s
round1: 2823 0.16656923294067383s
round2: 2838 0.1614084243774414s
round3: 2988 0.16817069053649902s
round4: 3099 0.16422510147094727s
round5: 3186 0.1795487403869629s
round6: 3345 0.18085598945617676s
round7: 3054 0.1826615333557129s
round8: 2919 0.17208242416381836s
round9: 2778 0.1680440902709961s
