round0: 279 0.03707289695739746s
round1: 264 0.03321051597595215s
round2: 246 0.0373539924621582s
round3: 267 0.03523993492126465s
round4: 255 0.03286457061767578s
round5: 252 0.035143136978149414s
round6: 267 0.03576827049255371s
round7: 267 0.03822517395019531s
round8: 267 0.036066293716430664s
round9: 240 0.03563404083251953s
