round0: 5361 0.3078184127807617s
round1: 5622 0.28885531425476074s
round2: 5565 0.27859926223754883s
round3: 5778 0.26468396186828613s
round4: 5796 0.2643163204193115s
round5: 5859 0.27138185501098633s
round6: 5301 0.26882147789001465s
round7: 5469 0.27042627334594727s
round8: 5802 0.2742431163787842s
round9: 5703 0.2771730422973633s
