round0: 9372 0.4736306667327881s
round1: 9045 0.41953086853027344s
round2: 9540 0.42774105072021484s
round3: 9078 0.41701292991638184s
round4: 8901 0.42119836807250977s
round5: 8814 0.4180145263671875s
round6: 9522 0.41767358779907227s
round7: 9591 0.42225098609924316s
round8: 8850 0.4230163097381592s
round9: 9480 0.41492223739624023s
