round0: 1302 0.09407877922058105s
round1: 1359 0.10438370704650879s
round2: 1272 0.10686826705932617s
round3: 1335 0.10685133934020996s
round4: 1239 0.10368204116821289s
round5: 1278 0.10236716270446777s
round6: 1251 0.09770369529724121s
round7: 1290 0.10111665725708008s
round8: 1323 0.10447263717651367s
round9: 1281 0.10322093963623047s
