round0: 807 0.0830390453338623s
round1: 792 0.08070588111877441s
round2: 804 0.08060431480407715s
round3: 750 0.08277750015258789s
round4: 795 0.07918596267700195s
round5: 762 0.08132672309875488s
round6: 786 0.07733511924743652s
round7: 768 0.0705559253692627s
round8: 831 0.07285213470458984s
round9: 789 0.0688474178314209s
