round0: 3552 0.16777443885803223s
round1: 3474 0.15767264366149902s
round2: 3486 0.17340898513793945s
round3: 3525 0.18062949180603027s
round4: 3237 0.17189717292785645s
round5: 3591 0.1746044158935547s
round6: 3570 0.16748261451721191s
round7: 3423 0.16963720321655273s
round8: 3195 0.17079472541809082s
round9: 3225 0.17305445671081543s
