round0: 1749 0.14260363578796387s
round1: 1929 0.12943458557128906s
round2: 1857 0.12395167350769043s
round3: 1932 0.12669706344604492s
round4: 1863 0.12674927711486816s
round5: 1938 0.12608051300048828s
round6: 1887 0.12076139450073242s
round7: 1809 0.12235379219055176s
round8: 1797 0.12492227554321289s
round9: 1947 0.12565279006958008s
