round0: 5274 0.27673816680908203s
round1: 5505 0.2626330852508545s
round2: 5571 0.24498224258422852s
round3: 5604 0.23946070671081543s
round4: 5433 0.25345683097839355s
round5: 5400 0.24960637092590332s
round6: 5523 0.26016926765441895s
round7: 5595 0.2563471794128418s
round8: 5505 0.25685834884643555s
round9: 5394 0.2507588863372803s
