round0: 126 0.012414693832397461s
round1: 132 0.01607489585876465s
round2: 138 0.019208669662475586s
round3: 117 0.01758718490600586s
round4: 132 0.019617080688476562s
round5: 135 0.020291566848754883s
round6: 126 0.02033209800720215s
round7: 135 0.020113229751586914s
round8: 141 0.020180463790893555s
round9: 132 0.019846200942993164s
