round0: 1848 0.0871877670288086s
round1: 1833 0.10326671600341797s
round2: 1761 0.11748480796813965s
round3: 1860 0.12125205993652344s
round4: 1896 0.11607861518859863s
round5: 1920 0.11787128448486328s
round6: 1911 0.1163792610168457s
round7: 1944 0.11905908584594727s
round8: 1884 0.12110376358032227s
round9: 1821 0.11855840682983398s
