round0: 807 0.08153653144836426s
round1: 792 0.07921624183654785s
round2: 804 0.07405328750610352s
round3: 750 0.07571530342102051s
round4: 795 0.069000244140625s
round5: 762 0.0698390007019043s
round6: 786 0.067626953125s
round7: 768 0.06736540794372559s
round8: 831 0.075225830078125s
round9: 789 0.08064436912536621s
