round0: 132 0.013322591781616211s
round1: 147 0.01857447624206543s
round2: 141 0.018924474716186523s
round3: 150 0.021848201751708984s
round4: 138 0.02126622200012207s
round5: 135 0.020356416702270508s
round6: 126 0.02034163475036621s
round7: 135 0.021333932876586914s
round8: 156 0.020183563232421875s
round9: 141 0.020070791244506836s
