round0: 5274 0.30278635025024414s
round1: 5505 0.2694120407104492s
round2: 5571 0.2552070617675781s
round3: 5604 0.25402307510375977s
round4: 5433 0.24581217765808105s
round5: 5400 0.2557542324066162s
round6: 5523 0.24467086791992188s
round7: 5595 0.25055623054504395s
round8: 5505 0.25076985359191895s
round9: 5394 0.24765610694885254s
