round0: 3552 0.18719124794006348s
round1: 3474 0.1712205410003662s
round2: 3486 0.16206645965576172s
round3: 3525 0.1619718074798584s
round4: 3237 0.1556100845336914s
round5: 3591 0.1516101360321045s
round6: 3570 0.16893649101257324s
round7: 3423 0.15203046798706055s
round8: 3195 0.1505427360534668s
round9: 3225 0.15141010284423828s
