round0: 17691 0.8533542156219482s
round1: 17400 0.8375225067138672s
round2: 17775 0.8302812576293945s
round3: 18105 0.8417661190032959s
round4: 17808 0.8382554054260254s
round5: 18267 0.8171844482421875s
round6: 18285 0.8095579147338867s
round7: 17820 0.8083548545837402s
round8: 17919 0.8349950313568115s
round9: 17796 0.7921736240386963s
