round0: 0 0.006575107574462891s
round1: 0 0.0065381526947021484s
round2: 6 0.006582021713256836s
round3: 3 0.006364107131958008s
round4: 9 0.0065310001373291016s
round5: 0 0.006345033645629883s
round6: 6 0.0066983699798583984s
round7: 0 0.00626826286315918s
round8: 9 0.0067632198333740234s
round9: 6 0.0063018798828125s
