round0: 33 0.006786346435546875s
round1: 48 0.008029460906982422s
round2: 54 0.0074918270111083984s
round3: 45 0.007317304611206055s
round4: 39 0.00853276252746582s
round5: 9 0.006940364837646484s
round6: 39 0.008002281188964844s
round7: 9 0.007236957550048828s
round8: 42 0.007820367813110352s
round9: 39 0.007596015930175781s
