round0: 54 0.014763832092285156s
round1: 90 0.01727747917175293s
round2: 78 0.014921903610229492s
round3: 75 0.015168190002441406s
round4: 78 0.015299797058105469s
round5: 66 0.015959501266479492s
round6: 81 0.01685047149658203s
round7: 51 0.015712976455688477s
round8: 81 0.016681671142578125s
round9: 84 0.016706466674804688s
