round0: 0 0.006736040115356445s
round1: 0 0.006585121154785156s
round2: 0 0.006866455078125s
round3: 3 0.006802558898925781s
round4: 3 0.006417512893676758s
round5: 0 0.006252288818359375s
round6: 6 0.0068607330322265625s
round7: 0 0.006562709808349609s
round8: 0 0.006947517395019531s
round9: 0 0.006252288818359375s
