round0: 171 0.028072118759155273s
round1: 159 0.02794051170349121s
round2: 135 0.026248693466186523s
round3: 138 0.02514815330505371s
round4: 162 0.025015592575073242s
round5: 96 0.022400617599487305s
round6: 174 0.022858142852783203s
round7: 102 0.027703046798706055s
round8: 168 0.0238494873046875s
round9: 120 0.026009798049926758s
