round0: 99 0.012483358383178711s
round1: 126 0.018428325653076172s
round2: 84 0.022195816040039062s
round3: 114 0.021013498306274414s
round4: 138 0.02208089828491211s
round5: 96 0.020659685134887695s
round6: 117 0.021443605422973633s
round7: 90 0.022897005081176758s
round8: 138 0.022955894470214844s
round9: 120 0.02211785316467285s
