round0: 1707 0.13875031471252441s
round1: 1713 0.14164113998413086s
round2: 1743 0.1332535743713379s
round3: 1731 0.1350715160369873s
round4: 1671 0.14151668548583984s
round5: 1695 0.1363685131072998s
round6: 1701 0.14383506774902344s
round7: 1725 0.13770174980163574s
round8: 1719 0.13429021835327148s
round9: 1695 0.1261436939239502s
