round0: 951 0.1040201187133789s
round1: 969 0.10303950309753418s
round2: 924 0.10419225692749023s
round3: 951 0.1008450984954834s
round4: 972 0.11282563209533691s
round5: 975 0.10996198654174805s
round6: 972 0.11576008796691895s
round7: 951 0.1113290786743164s
round8: 981 0.10163593292236328s
round9: 957 0.09810161590576172s
