round0: 954 0.1199347972869873s
round1: 942 0.10865902900695801s
round2: 924 0.10819315910339355s
round3: 954 0.10958480834960938s
round4: 957 0.11233186721801758s
round5: 954 0.11536478996276855s
round6: 954 0.1074368953704834s
round7: 972 0.10754108428955078s
round8: 903 0.10704612731933594s
round9: 951 0.11170339584350586s
