round0: 1002 0.12516212463378906s
round1: 1017 0.11717033386230469s
round2: 984 0.10833263397216797s
round3: 978 0.1094050407409668s
round4: 999 0.11032414436340332s
round5: 990 0.11621260643005371s
round6: 999 0.10433626174926758s
round7: 1005 0.10006284713745117s
round8: 987 0.09957742691040039s
round9: 999 0.10419416427612305s
