round0: 63 0.01300358772277832s
round1: 75 0.014831066131591797s
round2: 69 0.015106201171875s
round3: 69 0.013303756713867188s
round4: 69 0.01610279083251953s
round5: 72 0.015742778778076172s
round6: 69 0.01634693145751953s
round7: 66 0.015959739685058594s
round8: 69 0.014382123947143555s
round9: 63 0.016082763671875s
