round0: 537 0.07140851020812988s
round1: 537 0.07277894020080566s
round2: 531 0.0801243782043457s
round3: 549 0.08220767974853516s
round4: 540 0.07606267929077148s
round5: 531 0.07979869842529297s
round6: 543 0.07949352264404297s
round7: 543 0.0825197696685791s
round8: 534 0.08318567276000977s
round9: 555 0.07658576965332031s
