round0: 3 0.006769895553588867s
round1: 3 0.006827592849731445s
round2: 3 0.006747007369995117s
round3: 3 0.006945133209228516s
round4: 6 0.007205963134765625s
round5: 3 0.0070531368255615234s
round6: 3 0.007015705108642578s
round7: 3 0.006986856460571289s
round8: 3 0.009310245513916016s
round9: 3 0.007031917572021484s
