round0: 48 0.01126861572265625s
round1: 39 0.014034032821655273s
round2: 48 0.014390230178833008s
round3: 48 0.014132499694824219s
round4: 45 0.013913393020629883s
round5: 48 0.013646364212036133s
round6: 51 0.014544486999511719s
round7: 36 0.014630317687988281s
round8: 45 0.014519453048706055s
round9: 48 0.014155387878417969s
