round0: 69 0.013707876205444336s
round1: 69 0.017760038375854492s
round2: 69 0.01803898811340332s
round3: 72 0.016541481018066406s
round4: 72 0.015495061874389648s
round5: 72 0.017080307006835938s
round6: 69 0.01747918128967285s
round7: 69 0.017344236373901367s
round8: 75 0.01757669448852539s
round9: 75 0.0182039737701416s
