round0: 201 0.03765130043029785s
round1: 216 0.03736162185668945s
round2: 204 0.032446861267089844s
round3: 195 0.03630399703979492s
round4: 198 0.034903764724731445s
round5: 207 0.038065195083618164s
round6: 222 0.03978562355041504s
round7: 207 0.03124713897705078s
round8: 210 0.03476977348327637s
round9: 207 0.04298996925354004s
