round0: 63 0.017621755599975586s
round1: 63 0.01635432243347168s
round2: 63 0.0157167911529541s
round3: 66 0.015818119049072266s
round4: 63 0.01568150520324707s
round5: 66 0.01564764976501465s
round6: 63 0.0156252384185791s
round7: 63 0.015383005142211914s
round8: 66 0.015693187713623047s
round9: 66 0.015342950820922852s
