round0: 498 0.07638859748840332s
round1: 516 0.06915521621704102s
round2: 504 0.06958770751953125s
round3: 510 0.07085061073303223s
round4: 525 0.0683751106262207s
round5: 510 0.06446099281311035s
round6: 516 0.07414484024047852s
round7: 510 0.07645916938781738s
round8: 495 0.06755280494689941s
round9: 519 0.07828879356384277s
