round0: 201 0.035804033279418945s
round1: 174 0.04013371467590332s
round2: 195 0.03978228569030762s
round3: 198 0.03817296028137207s
round4: 201 0.0372164249420166s
round5: 195 0.03858780860900879s
round6: 192 0.03320932388305664s
round7: 201 0.0381166934967041s
round8: 204 0.037270545959472656s
round9: 183 0.0357365608215332s
