round0: 543 0.08155703544616699s
round1: 555 0.07897377014160156s
round2: 522 0.07470250129699707s
round3: 522 0.07263302803039551s
round4: 543 0.07651305198669434s
round5: 531 0.0753476619720459s
round6: 543 0.07636618614196777s
round7: 549 0.0794377326965332s
round8: 534 0.07384204864501953s
round9: 537 0.0786886215209961s
