round0: 3 0.003474712371826172s
round1: 3 0.0034935474395751953s
round2: 3 0.0035042762756347656s
round3: 3 0.005141019821166992s
round4: 3 0.00567173957824707s
round5: 3 0.006045341491699219s
round6: 3 0.006199359893798828s
round7: 3 0.006105899810791016s
round8: 3 0.006155729293823242s
round9: 3 0.005865335464477539s
