round0: 3 0.0029129981994628906s
round1: 3 0.0036497116088867188s
round2: 3 0.0037910938262939453s
round3: 3 0.0038475990295410156s
round4: 3 0.005472421646118164s
round5: 3 0.005583763122558594s
round6: 3 0.0060923099517822266s
round7: 3 0.006226539611816406s
round8: 3 0.006543159484863281s
round9: 3 0.006686210632324219s
