round0: 960 0.11773133277893066s
round1: 972 0.10545063018798828s
round2: 990 0.09740447998046875s
round3: 981 0.09275460243225098s
round4: 969 0.09578180313110352s
round5: 1011 0.10079169273376465s
round6: 975 0.10342550277709961s
round7: 957 0.10599827766418457s
round8: 996 0.10461950302124023s
round9: 978 0.11180496215820312s
