round0: 954 0.10632753372192383s
round1: 975 0.10121726989746094s
round2: 972 0.09997105598449707s
round3: 984 0.09827947616577148s
round4: 972 0.1042029857635498s
round5: 984 0.10890626907348633s
round6: 987 0.11038327217102051s
round7: 972 0.11127662658691406s
round8: 963 0.11635875701904297s
round9: 969 0.11405682563781738s
