round0: 3 0.004499673843383789s
round1: 3 0.004441738128662109s
round2: 3 0.004414796829223633s
round3: 3 0.004435300827026367s
round4: 3 0.005331993103027344s
round5: 3 0.005736112594604492s
round6: 3 0.005808353424072266s
round7: 3 0.006215333938598633s
round8: 3 0.006663322448730469s
round9: 3 0.006508350372314453s
