round0: 204 0.03486490249633789s
round1: 222 0.03541707992553711s
round2: 213 0.03917336463928223s
round3: 207 0.038228750228881836s
round4: 207 0.03792619705200195s
round5: 198 0.032262563705444336s
round6: 207 0.03652238845825195s
round7: 195 0.035294294357299805s
round8: 207 0.03827071189880371s
round9: 201 0.03699779510498047s
