round0: 981 0.1172184944152832s
round1: 948 0.11702108383178711s
round2: 984 0.1088857650756836s
round3: 984 0.10024619102478027s
round4: 975 0.10613131523132324s
round5: 954 0.10579490661621094s
round6: 978 0.10547304153442383s
round7: 960 0.10790777206420898s
round8: 969 0.11070680618286133s
round9: 954 0.1107473373413086s
