round0: 519 0.08247208595275879s
round1: 513 0.08059215545654297s
round2: 522 0.07352447509765625s
round3: 510 0.07667374610900879s
round4: 513 0.08066463470458984s
round5: 513 0.07256460189819336s
round6: 510 0.06965947151184082s
round7: 525 0.0756673812866211s
round8: 534 0.07756161689758301s
round9: 522 0.07675957679748535s
