round0: 0 0.0038254261016845703s
round1: 0 0.0038166046142578125s
round2: 0 0.005627155303955078s
round3: 0 0.005923748016357422s
round4: 0 0.00616908073425293s
round5: 0 0.00609278678894043s
round6: 0 0.005892753601074219s
round7: 0 0.006064653396606445s
round8: 0 0.005945682525634766s
round9: 0 0.0061206817626953125s
