round0: 60 0.015482425689697266s
round1: 60 0.015076875686645508s
round2: 57 0.015616655349731445s
round3: 63 0.015919208526611328s
round4: 57 0.015612363815307617s
round5: 60 0.013492345809936523s
round6: 54 0.01621556282043457s
round7: 60 0.015614748001098633s
round8: 57 0.015816211700439453s
round9: 54 0.015471696853637695s
