round0: 3 0.0027692317962646484s
round1: 3 0.004114389419555664s
round2: 3 0.004445314407348633s
round3: 3 0.004668474197387695s
round4: 3 0.0044786930084228516s
round5: 3 0.0044689178466796875s
round6: 3 0.004361152648925781s
round7: 3 0.004401206970214844s
round8: 3 0.004448413848876953s
round9: 3 0.004485368728637695s
