round0: 6 0.003880739212036133s
round1: 6 0.0037260055541992188s
round2: 6 0.00743865966796875s
round3: 6 0.0073473453521728516s
round4: 6 0.0072650909423828125s
round5: 6 0.00738835334777832s
round6: 6 0.007427215576171875s
round7: 6 0.007347583770751953s
round8: 6 0.006926774978637695s
round9: 6 0.0072557926177978516s
