round0: 201 0.03700852394104004s
round1: 198 0.037630558013916016s
round2: 201 0.0386967658996582s
round3: 189 0.03970837593078613s
round4: 192 0.03885149955749512s
round5: 192 0.037619829177856445s
round6: 189 0.039057254791259766s
round7: 192 0.03338313102722168s
round8: 195 0.03459620475769043s
round9: 198 0.03770923614501953s
