round0: 516 0.06316781044006348s
round1: 498 0.07346081733703613s
round2: 516 0.06960344314575195s
round3: 513 0.0763092041015625s
round4: 519 0.06921958923339844s
round5: 486 0.07155060768127441s
round6: 495 0.07426667213439941s
round7: 504 0.06781816482543945s
round8: 498 0.07157206535339355s
round9: 507 0.0778348445892334s
