round0: 3 0.0033037662506103516s
round1: 3 0.0033032894134521484s
round2: 3 0.0033774375915527344s
round3: 3 0.00335693359375s
round4: 3 0.005154848098754883s
round5: 3 0.005928516387939453s
round6: 3 0.005850791931152344s
round7: 3 0.006424665451049805s
round8: 3 0.006735563278198242s
round9: 3 0.006849050521850586s
