round0: 519 0.06865811347961426s
round1: 519 0.07069730758666992s
round2: 486 0.07223868370056152s
round3: 507 0.07226204872131348s
round4: 507 0.07553768157958984s
round5: 501 0.0781092643737793s
round6: 510 0.07850170135498047s
round7: 510 0.07780051231384277s
round8: 480 0.08075475692749023s
round9: 504 0.07604670524597168s
