round0: 1725 0.1309983730316162s
round1: 1710 0.1403977870941162s
round2: 1743 0.1333627700805664s
round3: 1719 0.13768291473388672s
round4: 1701 0.13422226905822754s
round5: 1710 0.14257001876831055s
round6: 1716 0.14394879341125488s
round7: 1740 0.13323426246643066s
round8: 1767 0.12828707695007324s
round9: 1734 0.12933826446533203s
