round0: 507 0.07137036323547363s
round1: 513 0.07742691040039062s
round2: 474 0.07462644577026367s
round3: 498 0.07648849487304688s
round4: 483 0.07315921783447266s
round5: 501 0.07102370262145996s
round6: 492 0.07439875602722168s
round7: 489 0.07073736190795898s
round8: 492 0.06731534004211426s
round9: 510 0.06340146064758301s
