round0: 1728 0.1260364055633545s
round1: 1734 0.13077020645141602s
round2: 1707 0.1319735050201416s
round3: 1767 0.13085293769836426s
round4: 1752 0.12963509559631348s
round5: 1770 0.13325095176696777s
round6: 1737 0.13315892219543457s
round7: 1791 0.13674426078796387s
round8: 1758 0.137373685836792s
round9: 1746 0.16995906829833984s
