round0: 954 0.10241293907165527s
round1: 975 0.1049659252166748s
round2: 969 0.11054420471191406s
round3: 981 0.10229015350341797s
round4: 948 0.10126328468322754s
round5: 987 0.1035761833190918s
round6: 981 0.09810090065002441s
round7: 978 0.09327435493469238s
round8: 963 0.10013079643249512s
round9: 990 0.10316967964172363s
