round0: 66 0.010119199752807617s
round1: 66 0.013839960098266602s
round2: 66 0.012011051177978516s
round3: 63 0.013427019119262695s
round4: 69 0.013323307037353516s
round5: 66 0.014050722122192383s
round6: 69 0.015803098678588867s
round7: 69 0.014001607894897461s
round8: 66 0.012598276138305664s
round9: 72 0.013952970504760742s
