round0: 60 0.014980077743530273s
round1: 54 0.014578104019165039s
round2: 51 0.016254663467407227s
round3: 54 0.014427661895751953s
round4: 57 0.014601469039916992s
round5: 57 0.014405012130737305s
round6: 57 0.014191389083862305s
round7: 54 0.014312982559204102s
round8: 54 0.014171361923217773s
round9: 51 0.014436006546020508s
