round0: 207 0.03749966621398926s
round1: 213 0.03775811195373535s
round2: 207 0.03922915458679199s
round3: 216 0.0381770133972168s
round4: 213 0.03779411315917969s
round5: 198 0.03773784637451172s
round6: 216 0.034362077713012695s
round7: 201 0.03880167007446289s
round8: 219 0.037966012954711914s
round9: 213 0.03798079490661621s
