round0: 1698 0.15393710136413574s
round1: 1716 0.14067840576171875s
round2: 1707 0.13597321510314941s
round3: 1710 0.13775873184204102s
round4: 1719 0.13704133033752441s
round5: 1731 0.13838934898376465s
round6: 1746 0.16866755485534668s
round7: 1695 0.13105273246765137s
round8: 1686 0.12665271759033203s
round9: 1722 0.1449904441833496s
