round0: 3 0.0029561519622802734s
round1: 3 0.003231525421142578s
round2: 3 0.003537416458129883s
round3: 3 0.003412008285522461s
round4: 3 0.004430532455444336s
round5: 3 0.0058481693267822266s
round6: 3 0.006539821624755859s
round7: 3 0.007206916809082031s
round8: 3 0.0070765018463134766s
round9: 3 0.007112026214599609s
