round0: 1656 0.1550755500793457s
round1: 1671 0.1492753028869629s
round2: 1656 0.13911080360412598s
round3: 1659 0.14014029502868652s
round4: 1668 0.13835430145263672s
round5: 1674 0.12505078315734863s
round6: 1674 0.13367795944213867s
round7: 1710 0.13328838348388672s
round8: 1665 0.13048291206359863s
round9: 1686 0.12533259391784668s
