round0: 1728 0.15275192260742188s
round1: 1722 0.14890384674072266s
round2: 1707 0.13638687133789062s
round3: 1695 0.13499236106872559s
round4: 1683 0.13907170295715332s
round5: 1716 0.14403581619262695s
round6: 1725 0.1468515396118164s
round7: 1749 0.1431114673614502s
round8: 1713 0.14016985893249512s
round9: 1713 0.1407909393310547s
