round0: 6 0.007243633270263672s
round1: 6 0.006925106048583984s
round2: 6 0.006992340087890625s
round3: 6 0.0069580078125s
round4: 6 0.0033042430877685547s
round5: 6 0.0033311843872070312s
round6: 6 0.003282308578491211s
round7: 6 0.0032935142517089844s
round8: 6 0.003333568572998047s
round9: 6 0.004652261734008789s
