round0: 57 0.016363143920898438s
round1: 54 0.016490459442138672s
round2: 54 0.016430139541625977s
round3: 48 0.017364501953125s
round4: 57 0.017651081085205078s
round5: 57 0.017391681671142578s
round6: 54 0.016650915145874023s
round7: 51 0.015748977661132812s
round8: 63 0.016742467880249023s
round9: 60 0.017380237579345703s
