round0: 1737 0.16031837463378906s
round1: 1782 0.14087677001953125s
round2: 1779 0.1329789161682129s
round3: 1779 0.13751959800720215s
round4: 1770 0.14053058624267578s
round5: 1737 0.12998104095458984s
round6: 1776 0.13565421104431152s
round7: 1761 0.1300184726715088s
round8: 1737 0.13695096969604492s
round9: 1749 0.14418911933898926s
