round0: 1704 0.15929889678955078s
round1: 1683 0.17731189727783203s
round2: 1677 0.13426971435546875s
round3: 1710 0.131608247756958s
round4: 1698 0.1384589672088623s
round5: 1692 0.13000178337097168s
round6: 1698 0.12289714813232422s
round7: 1677 0.12876462936401367s
round8: 1683 0.12975406646728516s
round9: 1668 0.13979673385620117s
