round0: 522 0.07398200035095215s
round1: 513 0.07543730735778809s
round2: 507 0.06850099563598633s
round3: 504 0.07496213912963867s
round4: 489 0.0739281177520752s
round5: 531 0.07627201080322266s
round6: 522 0.0655360221862793s
round7: 489 0.0709526538848877s
round8: 507 0.0668942928314209s
round9: 507 0.07216882705688477s
