round0: 1719 0.14739298820495605s
round1: 1692 0.1380443572998047s
round2: 1722 0.13159513473510742s
round3: 1692 0.1334095001220703s
round4: 1713 0.13353872299194336s
round5: 1707 0.1369016170501709s
round6: 1713 0.1410694122314453s
round7: 1668 0.13526344299316406s
round8: 1743 0.13678693771362305s
round9: 1698 0.1296536922454834s
