round0: 516 0.05642986297607422s
round1: 546 0.0715172290802002s
round2: 546 0.0733194351196289s
round3: 546 0.08423280715942383s
round4: 534 0.08046293258666992s
round5: 540 0.05385541915893555s
round6: 543 0.06586217880249023s
round7: 549 0.07054948806762695s
round8: 552 0.080322265625s
round9: 558 0.07764935493469238s
