round0: 60 0.01522374153137207s
round1: 66 0.01567816734313965s
round2: 60 0.014578104019165039s
round3: 63 0.01619553565979004s
round4: 63 0.01624155044555664s
round5: 63 0.015053033828735352s
round6: 66 0.014941215515136719s
round7: 60 0.013988733291625977s
round8: 57 0.014334440231323242s
round9: 63 0.01426839828491211s
