round0: 198 0.03196597099304199s
round1: 186 0.03150510787963867s
round2: 183 0.03448319435119629s
round3: 198 0.033631324768066406s
round4: 186 0.03574705123901367s
round5: 192 0.03434324264526367s
round6: 195 0.030690670013427734s
round7: 183 0.03525280952453613s
round8: 177 0.03677988052368164s
round9: 180 0.03456616401672363s
