round0: 954 0.09449958801269531s
round1: 957 0.10567569732666016s
round2: 951 0.10445690155029297s
round3: 966 0.10623478889465332s
round4: 972 0.10500240325927734s
round5: 951 0.10805630683898926s
round6: 939 0.09961915016174316s
round7: 924 0.0917215347290039s
round8: 951 0.10660171508789062s
round9: 960 0.1041567325592041s
