round0: 183 0.03759121894836426s
round1: 192 0.03280925750732422s
round2: 174 0.03686785697937012s
round3: 183 0.03794145584106445s
round4: 180 0.03647780418395996s
round5: 186 0.02762579917907715s
round6: 180 0.030759572982788086s
round7: 189 0.03299736976623535s
round8: 186 0.031043291091918945s
round9: 183 0.03398776054382324s
