round0: 207 0.03581428527832031s
round1: 204 0.03628826141357422s
round2: 198 0.03520011901855469s
round3: 207 0.04037594795227051s
round4: 216 0.038751840591430664s
round5: 207 0.03233075141906738s
round6: 207 0.03619217872619629s
round7: 198 0.0319211483001709s
round8: 204 0.033232927322387695s
round9: 213 0.03637981414794922s
