round0: 69 0.015783309936523438s
round1: 60 0.015120983123779297s
round2: 60 0.015574455261230469s
round3: 63 0.01726675033569336s
round4: 66 0.015760421752929688s
round5: 60 0.015954971313476562s
round6: 60 0.015280485153198242s
round7: 63 0.013174772262573242s
round8: 66 0.014148235321044922s
round9: 66 0.017199277877807617s
