round0: 213 0.03353095054626465s
round1: 219 0.03278803825378418s
round2: 201 0.038872718811035156s
round3: 219 0.037224769592285156s
round4: 213 0.03582406044006348s
round5: 210 0.03784370422363281s
round6: 204 0.03609037399291992s
round7: 219 0.03898429870605469s
round8: 213 0.0358119010925293s
round9: 216 0.03546476364135742s
