round0: 531 0.0701138973236084s
round1: 498 0.06713676452636719s
round2: 534 0.06461071968078613s
round3: 510 0.06380057334899902s
round4: 531 0.0627143383026123s
round5: 513 0.06052255630493164s
round6: 516 0.06635808944702148s
round7: 516 0.0683128833770752s
round8: 525 0.07188701629638672s
round9: 519 0.07663512229919434s
