round0: 930 0.10748648643493652s
round1: 933 0.10684418678283691s
round2: 939 0.10626649856567383s
round3: 915 0.10894131660461426s
round4: 942 0.09843921661376953s
round5: 906 0.10278177261352539s
round6: 930 0.10145926475524902s
round7: 903 0.1028134822845459s
round8: 912 0.1016855239868164s
round9: 909 0.1059408187866211s
