round0: 1737 0.1528482437133789s
round1: 1722 0.14515352249145508s
round2: 1704 0.14016461372375488s
round3: 1740 0.14240097999572754s
round4: 1725 0.13802003860473633s
round5: 1728 0.13442397117614746s
round6: 1740 0.13625288009643555s
round7: 1755 0.13587713241577148s
round8: 1716 0.1334061622619629s
round9: 1701 0.14018821716308594s
