round0: 201 0.026645898818969727s
round1: 201 0.03046584129333496s
round2: 201 0.03445267677307129s
round3: 189 0.0339357852935791s
round4: 201 0.03094935417175293s
round5: 204 0.036147117614746094s
round6: 213 0.034210920333862305s
round7: 195 0.03722572326660156s
round8: 192 0.03492259979248047s
round9: 192 0.036559104919433594s
