round0: 966 0.11935806274414062s
round1: 981 0.11146807670593262s
round2: 981 0.1011347770690918s
round3: 975 0.10134482383728027s
round4: 1011 0.10152935981750488s
round5: 987 0.10451626777648926s
round6: 990 0.10443782806396484s
round7: 948 0.10828447341918945s
round8: 975 0.11257553100585938s
round9: 987 0.10743451118469238s
