round0: 411 0.03409433364868164s
round1: 390 0.03897571563720703s
round2: 435 0.040648460388183594s
round3: 402 0.03841042518615723s
round4: 309 0.039609670639038086s
round5: 381 0.03899860382080078s
round6: 414 0.03871273994445801s
round7: 309 0.039084434509277344s
round8: 477 0.040648460388183594s
round9: 360 0.03525996208190918s
