round0: 264 0.03530240058898926s
round1: 285 0.03304314613342285s
round2: 219 0.03305315971374512s
round3: 258 0.033235788345336914s
round4: 228 0.03478360176086426s
round5: 276 0.03587770462036133s
round6: 225 0.03510785102844238s
round7: 222 0.029720067977905273s
round8: 231 0.032015323638916016s
round9: 285 0.032563209533691406s
