round0: 3453 0.14768528938293457s
round1: 3399 0.1192159652709961s
round2: 3537 0.1161656379699707s
round3: 3585 0.12424778938293457s
round4: 3489 0.1183161735534668s
round5: 3348 0.12413787841796875s
round6: 3564 0.11975216865539551s
round7: 3513 0.1207573413848877s
round8: 3423 0.11971521377563477s
round9: 3525 0.129655122756958s
