round0: 549 0.045542001724243164s
round1: 537 0.044060468673706055s
round2: 555 0.04407477378845215s
round3: 525 0.044498443603515625s
round4: 513 0.042217254638671875s
round5: 522 0.046865224838256836s
round6: 522 0.04591798782348633s
round7: 576 0.04692983627319336s
round8: 522 0.04469728469848633s
round9: 534 0.04404616355895996s
