round0: 846 0.05930447578430176s
round1: 864 0.06620621681213379s
round2: 876 0.05833768844604492s
round3: 882 0.0564422607421875s
round4: 903 0.05433225631713867s
round5: 891 0.059067726135253906s
round6: 864 0.057578325271606445s
round7: 882 0.05425000190734863s
round8: 885 0.05770134925842285s
round9: 879 0.05858564376831055s
