round0: 669 0.0499873161315918s
round1: 687 0.0475313663482666s
round2: 729 0.04656100273132324s
round3: 705 0.046782732009887695s
round4: 636 0.045017242431640625s
round5: 705 0.044675350189208984s
round6: 672 0.04561781883239746s
round7: 708 0.04624485969543457s
round8: 672 0.04191946983337402s
round9: 708 0.04352998733520508s
