round0: 1410 0.07706665992736816s
round1: 1455 0.06399154663085938s
round2: 1431 0.05746030807495117s
round3: 1422 0.05841708183288574s
round4: 1422 0.055184364318847656s
round5: 1485 0.058005571365356445s
round6: 1413 0.056037187576293945s
round7: 1485 0.056568145751953125s
round8: 1314 0.05961942672729492s
round9: 1452 0.06864237785339355s
