round0: 801 0.04289865493774414s
round1: 798 0.06550979614257812s
round2: 813 0.052086830139160156s
round3: 795 0.05345940589904785s
round4: 813 0.05418562889099121s
round5: 789 0.05731606483459473s
round6: 741 0.054358482360839844s
round7: 771 0.05508828163146973s
round8: 819 0.05916142463684082s
round9: 783 0.05407977104187012s
