round0: 888 0.05468273162841797s
round1: 894 0.054006338119506836s
round2: 813 0.044439077377319336s
round3: 852 0.04694342613220215s
round4: 855 0.046510934829711914s
round5: 834 0.046250343322753906s
round6: 867 0.04571700096130371s
round7: 906 0.04509925842285156s
round8: 888 0.04446744918823242s
round9: 840 0.049849510192871094s
