round0: 1806 0.08885455131530762s
round1: 1914 0.07646346092224121s
round2: 1797 0.06515026092529297s
round3: 1773 0.06855988502502441s
round4: 1794 0.06497454643249512s
round5: 1812 0.07776117324829102s
round6: 1875 0.07887601852416992s
round7: 1881 0.06996417045593262s
round8: 1860 0.06535196304321289s
round9: 1851 0.06825900077819824s
