round0: 2754 0.11848974227905273s
round1: 2676 0.0943598747253418s
round2: 2676 0.09282279014587402s
round3: 2526 0.09227848052978516s
round4: 2559 0.08616232872009277s
round5: 2637 0.09796428680419922s
round6: 2574 0.08832979202270508s
round7: 2673 0.09186005592346191s
round8: 2610 0.0922994613647461s
round9: 2628 0.09520411491394043s
