round0: 549 0.04744386672973633s
round1: 489 0.04230046272277832s
round2: 501 0.04216456413269043s
round3: 375 0.03744173049926758s
round4: 510 0.03910350799560547s
round5: 582 0.03930330276489258s
round6: 504 0.0398709774017334s
round7: 441 0.038515567779541016s
round8: 501 0.04220771789550781s
round9: 414 0.038138628005981445s
