round0: 465 0.03506183624267578s
round1: 336 0.031488656997680664s
round2: 399 0.03876996040344238s
round3: 408 0.04055047035217285s
round4: 447 0.039859771728515625s
round5: 516 0.04263496398925781s
round6: 477 0.041425228118896484s
round7: 459 0.04137110710144043s
round8: 483 0.0412900447845459s
round9: 495 0.042336225509643555s
