round0: 18 0.020863771438598633s
round1: 30 0.01762223243713379s
round2: 21 0.017044544219970703s
round3: 18 0.0169985294342041s
round4: 18 0.017177104949951172s
round5: 24 0.016768693923950195s
round6: 15 0.016885042190551758s
round7: 21 0.01722264289855957s
round8: 15 0.018954753875732422s
round9: 18 0.01696491241455078s
