round0: 1017 0.051584482192993164s
round1: 993 0.050893545150756836s
round2: 1047 0.052330732345581055s
round3: 1101 0.05448293685913086s
round4: 1083 0.05125761032104492s
round5: 1134 0.055561065673828125s
round6: 1122 0.057167768478393555s
round7: 981 0.05052471160888672s
round8: 1098 0.053734779357910156s
round9: 1122 0.05310797691345215s
