round0: 141 0.026443004608154297s
round1: 108 0.022290468215942383s
round2: 111 0.02246689796447754s
round3: 87 0.02211141586303711s
round4: 126 0.022485971450805664s
round5: 120 0.02221965789794922s
round6: 96 0.02203083038330078s
round7: 102 0.022097110748291016s
round8: 126 0.022782325744628906s
round9: 120 0.02496194839477539s
