round0: 0 0.006529808044433594s
round1: 0 0.00583195686340332s
round2: 0 0.005936622619628906s
round3: 0 0.00618290901184082s
round4: 0 0.005895376205444336s
round5: 0 0.005748271942138672s
round6: 0 0.0057260990142822266s
round7: 0 0.0057680606842041016s
round8: 0 0.005859375s
round9: 0 0.008760452270507812s
