round0: 3 0.0060155391693115234s
round1: 3 0.006686210632324219s
round2: 3 0.007929086685180664s
round3: 3 0.007088661193847656s
round4: 3 0.0060803890228271484s
round5: 3 0.006304502487182617s
round6: 3 0.00633549690246582s
round7: 3 0.006529092788696289s
round8: 3 0.007447719573974609s
round9: 3 0.007988929748535156s
