round0: 0 0.007874488830566406s
round1: 0 0.007632732391357422s
round2: 0 0.00947713851928711s
round3: 0 0.007760047912597656s
round4: 0 0.007576704025268555s
round5: 0 0.009065866470336914s
round6: 0 0.011117696762084961s
round7: 0 0.007660627365112305s
round8: 0 0.007553577423095703s
round9: 0 0.008128166198730469s
