round0: 0 0.011425495147705078s
round1: 0 0.010202169418334961s
round2: 0 0.010945320129394531s
round3: 0 0.011003494262695312s
round4: 0 0.011115550994873047s
round5: 0 0.011497020721435547s
round6: 3 0.011137247085571289s
round7: 6 0.011008739471435547s
round8: 0 0.010827779769897461s
round9: 0 0.010749340057373047s
