round0: 6 0.012000799179077148s
round1: 0 0.013325691223144531s
round2: 0 0.011994123458862305s
round3: 0 0.011703252792358398s
round4: 0 0.011678934097290039s
round5: 0 0.011175394058227539s
round6: 12 0.011488914489746094s
round7: 0 0.009689569473266602s
round8: 0 0.009827375411987305s
round9: 9 0.00988626480102539s
