round0: 147 0.016631364822387695s
round1: 150 0.016073226928710938s
round2: 153 0.016251087188720703s
round3: 144 0.016028404235839844s
round4: 150 0.01548624038696289s
round5: 159 0.016922473907470703s
round6: 150 0.01575613021850586s
round7: 126 0.016298532485961914s
round8: 156 0.017702102661132812s
round9: 153 0.016836166381835938s
