round0: 39 0.010329961776733398s
round1: 45 0.010280132293701172s
round2: 33 0.009168148040771484s
round3: 39 0.01300668716430664s
round4: 39 0.009315013885498047s
round5: 39 0.010050296783447266s
round6: 33 0.009705781936645508s
round7: 39 0.010196685791015625s
round8: 45 0.009776592254638672s
round9: 42 0.010251998901367188s
