round0: 264 0.025220632553100586s
round1: 279 0.02613234519958496s
round2: 270 0.02467060089111328s
round3: 267 0.02378988265991211s
round4: 246 0.02392435073852539s
round5: 264 0.023604869842529297s
round6: 261 0.023969173431396484s
round7: 264 0.024253368377685547s
round8: 273 0.022632837295532227s
round9: 270 0.0230715274810791s
