round0: 2163 0.11904072761535645s
round1: 2232 0.11525082588195801s
round2: 1944 0.1036677360534668s
round3: 1878 0.10895395278930664s
round4: 2070 0.11510992050170898s
round5: 2178 0.1278975009918213s
round6: 2118 0.11199069023132324s
round7: 2058 0.12197065353393555s
round8: 1932 0.12245464324951172s
round9: 2052 0.11568617820739746s
