round0: 5886 1.051034688949585s
round1: 6315 0.24762368202209473s
round2: 5955 0.25645971298217773s
round3: 5601 0.261249303817749s
round4: 5652 0.2539069652557373s
round5: 5598 0.23825383186340332s
round6: 5139 0.2825300693511963s
round7: 5952 0.2681002616882324s
round8: 5802 0.27997779846191406s
round9: 5676 0.23917436599731445s
