round0: 423 0.04134321212768555s
round1: 375 0.03762459754943848s
round2: 381 0.03672647476196289s
round3: 390 0.03765606880187988s
round4: 417 0.03724861145019531s
round5: 390 0.041791439056396484s
round6: 378 0.03735017776489258s
round7: 366 0.04114842414855957s
round8: 444 0.04348325729370117s
round9: 414 0.04480910301208496s
