round0: 447 0.045174360275268555s
round1: 420 0.04494810104370117s
round2: 426 0.04335498809814453s
round3: 405 0.04407644271850586s
round4: 411 0.04553651809692383s
round5: 414 0.04425525665283203s
round6: 420 0.04691362380981445s
round7: 429 0.045217037200927734s
round8: 402 0.04505300521850586s
round9: 372 0.04424548149108887s
