round0: 3180 0.15472006797790527s
round1: 3126 0.15037274360656738s
round2: 3216 0.1556406021118164s
round3: 3165 0.15147066116333008s
round4: 3108 0.1759047508239746s
round5: 3201 0.16298246383666992s
round6: 3162 0.15204262733459473s
round7: 3183 0.15512847900390625s
round8: 3180 0.18177199363708496s
round9: 3078 0.17737030982971191s
