round0: 1065 0.07769131660461426s
round1: 1017 0.08007454872131348s
round2: 1032 0.07742762565612793s
round3: 1020 0.07751107215881348s
round4: 1005 0.0777139663696289s
round5: 1044 0.07763385772705078s
round6: 1056 0.07894778251647949s
round7: 1008 0.07711529731750488s
round8: 1029 0.07753419876098633s
round9: 993 0.07868528366088867s
