round0: 156 0.02396082878112793s
round1: 156 0.03009796142578125s
round2: 171 0.02599024772644043s
round3: 153 0.023770809173583984s
round4: 153 0.02300548553466797s
round5: 147 0.023500442504882812s
round6: 147 0.022938251495361328s
round7: 168 0.02337503433227539s
round8: 168 0.02405238151550293s
round9: 162 0.023151636123657227s
