round0: 408 0.03922700881958008s
round1: 384 0.03756904602050781s
round2: 414 0.03744006156921387s
round3: 366 0.0419766902923584s
round4: 390 0.04466056823730469s
round5: 390 0.04381537437438965s
round6: 396 0.045789241790771484s
round7: 384 0.04695391654968262s
round8: 399 0.04530763626098633s
round9: 390 0.04453277587890625s
