round0: 1818 0.11681294441223145s
round1: 1833 0.11794114112854004s
round2: 1863 0.12080693244934082s
round3: 1824 0.12038850784301758s
round4: 1797 0.11609411239624023s
round5: 1836 0.12328386306762695s
round6: 1872 0.10992431640625s
round7: 1836 0.10040163993835449s
round8: 1881 0.1150369644165039s
round9: 1809 0.12087440490722656s
