round0: 141 0.027388334274291992s
round1: 138 0.02749490737915039s
round2: 138 0.02747344970703125s
round3: 138 0.02796769142150879s
round4: 138 0.026908159255981445s
round5: 138 0.028964519500732422s
round6: 132 0.02760601043701172s
round7: 144 0.027660608291625977s
round8: 138 0.02806997299194336s
round9: 141 0.027412891387939453s
