round0: 1056 0.06919193267822266s
round1: 1020 0.07697176933288574s
round2: 1071 0.06953763961791992s
round3: 1062 0.06772994995117188s
round4: 996 0.07696652412414551s
round5: 1074 0.07751011848449707s
round6: 1023 0.0791776180267334s
round7: 1071 0.0792236328125s
round8: 1062 0.07923245429992676s
round9: 1050 0.082489013671875s
