round0: 132 0.022594213485717773s
round1: 126 0.02241349220275879s
round2: 144 0.02546215057373047s
round3: 135 0.02691936492919922s
round4: 129 0.027182579040527344s
round5: 117 0.02730870246887207s
round6: 120 0.026895999908447266s
round7: 129 0.02842116355895996s
round8: 129 0.02723550796508789s
round9: 114 0.02454209327697754s
