round0: 387 0.04476046562194824s
round1: 405 0.04480910301208496s
round2: 450 0.04621553421020508s
round3: 393 0.04510331153869629s
round4: 438 0.0443575382232666s
round5: 438 0.04544186592102051s
round6: 444 0.04745745658874512s
round7: 414 0.04446578025817871s
round8: 423 0.045287370681762695s
round9: 405 0.04409980773925781s
