round0: 1800 0.09786200523376465s
round1: 1758 0.09835648536682129s
round2: 1770 0.0983738899230957s
round3: 1707 0.10119318962097168s
round4: 1788 0.1002340316772461s
round5: 1752 0.09723019599914551s
round6: 1773 0.11116218566894531s
round7: 1719 0.10197830200195312s
round8: 1743 0.09730958938598633s
round9: 1800 0.09826326370239258s
