round0: 1059 0.06967306137084961s
round1: 990 0.06688427925109863s
round2: 1023 0.0687108039855957s
round3: 999 0.06591033935546875s
round4: 1041 0.0749971866607666s
round5: 996 0.07931351661682129s
round6: 969 0.07859086990356445s
round7: 1008 0.07879638671875s
round8: 996 0.07797360420227051s
round9: 972 0.08061051368713379s
