round0: 1887 0.12081217765808105s
round1: 1905 0.0996713638305664s
round2: 1875 0.09820961952209473s
round3: 1893 0.09968805313110352s
round4: 1920 0.11268401145935059s
round5: 1860 0.11806583404541016s
round6: 1917 0.11997127532958984s
round7: 1818 0.11782360076904297s
round8: 1803 0.11357545852661133s
round9: 1884 0.10191869735717773s
