round0: 1776 0.11922883987426758s
round1: 1863 0.12101387977600098s
round2: 1776 0.10047221183776855s
round3: 1860 0.11067700386047363s
round4: 1785 0.11876749992370605s
round5: 1776 0.11707139015197754s
round6: 1818 0.1009666919708252s
round7: 1884 0.09950613975524902s
round8: 1890 0.10067367553710938s
round9: 1839 0.11181974411010742s
