round0: 12 0.016407251358032227s
round1: 12 0.01641702651977539s
round2: 6 0.016345739364624023s
round3: 12 0.01772308349609375s
round4: 12 0.06668424606323242s
round5: 9 0.01673293113708496s
round6: 6 0.016352415084838867s
round7: 6 0.016305923461914062s
round8: 12 0.016469240188598633s
round9: 12 0.016471147537231445s
