round0: 348 0.04403424263000488s
round1: 342 0.04191470146179199s
round2: 393 0.04033946990966797s
round3: 372 0.039209842681884766s
round4: 333 0.035904884338378906s
round5: 366 0.041501522064208984s
round6: 378 0.046150922775268555s
round7: 366 0.04371237754821777s
round8: 381 0.04370617866516113s
round9: 378 0.04423928260803223s
