round0: 363 0.042205810546875s
round1: 360 0.04388022422790527s
round2: 354 0.04436969757080078s
round3: 405 0.04466605186462402s
round4: 363 0.04501175880432129s
round5: 345 0.04416227340698242s
round6: 387 0.04480290412902832s
round7: 381 0.0451502799987793s
round8: 414 0.04531049728393555s
round9: 372 0.04503989219665527s
