round0: 1083 0.06729769706726074s
round1: 1065 0.06610965728759766s
round2: 1032 0.06627559661865234s
round3: 1068 0.06635189056396484s
round4: 1062 0.07540273666381836s
round5: 1062 0.08036446571350098s
round6: 1002 0.07760286331176758s
round7: 1137 0.07912206649780273s
round8: 1056 0.07945489883422852s
round9: 1005 0.0784463882446289s
