round0: 3225 0.15487217903137207s
round1: 3042 0.15312719345092773s
round2: 3033 0.1540067195892334s
round3: 3054 0.14717340469360352s
round4: 2949 0.14933514595031738s
round5: 3141 0.15355134010314941s
round6: 3165 0.17258191108703613s
round7: 3081 0.18360543251037598s
round8: 3171 0.15584921836853027s
round9: 3120 0.17241477966308594s
