round0: 1017 0.07929778099060059s
round1: 981 0.07787370681762695s
round2: 1059 0.07848310470581055s
round3: 1050 0.08353257179260254s
round4: 1038 0.07916045188903809s
round5: 984 0.07955288887023926s
round6: 1020 0.07773876190185547s
round7: 1017 0.07384228706359863s
round8: 1005 0.07655596733093262s
round9: 1026 0.07035374641418457s
