round0: 414 0.039652347564697266s
round1: 405 0.04315662384033203s
round2: 372 0.0401918888092041s
round3: 405 0.03750896453857422s
round4: 426 0.04297757148742676s
round5: 444 0.0452733039855957s
round6: 426 0.045867204666137695s
round7: 432 0.04589343070983887s
round8: 366 0.04351019859313965s
round9: 390 0.045586347579956055s
