round0: 1905 0.12276387214660645s
round1: 1806 0.12012004852294922s
round2: 1911 0.10256409645080566s
round3: 1866 0.11528730392456055s
round4: 1896 0.11821269989013672s
round5: 1716 0.11784219741821289s
round6: 1854 0.10065126419067383s
round7: 1851 0.10387206077575684s
round8: 1899 0.09963321685791016s
round9: 1812 0.10047578811645508s
