round0: 1884 0.10197591781616211s
round1: 1794 0.0987241268157959s
round2: 1854 0.1033780574798584s
round3: 1860 0.1155235767364502s
round4: 1878 0.10882377624511719s
round5: 1923 0.11582303047180176s
round6: 1761 0.11773061752319336s
round7: 1857 0.11786818504333496s
round8: 1800 0.12062501907348633s
round9: 1821 0.11844038963317871s
