round0: 3180 0.1570730209350586s
round1: 3090 0.15331768989562988s
round2: 3120 0.20003557205200195s
round3: 3048 0.15504693984985352s
round4: 3060 0.1541452407836914s
round5: 3273 0.15709877014160156s
round6: 3087 0.15469932556152344s
round7: 3138 0.15848612785339355s
round8: 3063 0.1694927215576172s
round9: 3219 0.1610112190246582s
