round0: 9 0.01801323890686035s
round1: 9 0.016395092010498047s
round2: 9 0.01641559600830078s
round3: 12 0.01650238037109375s
round4: 9 0.017276763916015625s
round5: 9 0.016307353973388672s
round6: 9 0.0165255069732666s
round7: 9 0.016757726669311523s
round8: 9 0.016477108001708984s
round9: 9 0.017040729522705078s
