round0: 420 0.039321184158325195s
round1: 396 0.03768038749694824s
round2: 435 0.038283348083496094s
round3: 402 0.03803205490112305s
round4: 426 0.0381779670715332s
round5: 423 0.038513898849487305s
round6: 411 0.03797769546508789s
round7: 453 0.03784537315368652s
round8: 441 0.044824838638305664s
round9: 384 0.04054689407348633s
