round0: 3108 0.15651297569274902s
round1: 3153 0.1706693172454834s
round2: 3123 0.15180087089538574s
round3: 3102 0.15639090538024902s
round4: 2967 0.16036128997802734s
round5: 3111 0.1602160930633545s
round6: 3120 0.1697995662689209s
round7: 3279 0.16503357887268066s
round8: 3243 0.1578075885772705s
round9: 3225 0.15278339385986328s
