round0: 396 0.04417586326599121s
round1: 405 0.044919490814208984s
round2: 435 0.046066999435424805s
round3: 411 0.045092105865478516s
round4: 423 0.04362845420837402s
round5: 423 0.04349493980407715s
round6: 429 0.044800758361816406s
round7: 450 0.046658992767333984s
round8: 420 0.045081377029418945s
round9: 429 0.045485734939575195s
