round0: 150 0.028232812881469727s
round1: 174 0.028083086013793945s
round2: 171 0.02764892578125s
round3: 147 0.02772235870361328s
round4: 171 0.027383804321289062s
round5: 156 0.027216434478759766s
round6: 141 0.027526378631591797s
round7: 159 0.023079872131347656s
round8: 150 0.02583622932434082s
round9: 162 0.027071237564086914s
