round0: 3096 0.1727144718170166s
round1: 3063 0.17700624465942383s
round2: 3084 0.15422892570495605s
round3: 3180 0.15558099746704102s
round4: 3216 0.15733933448791504s
round5: 2940 0.15113592147827148s
round6: 3144 0.15852618217468262s
round7: 3150 0.15399622917175293s
round8: 3075 0.15752172470092773s
round9: 3009 0.1534595489501953s
