round0: 1029 0.08062005043029785s
round1: 1041 0.07836341857910156s
round2: 1005 0.076873779296875s
round3: 1071 0.07509398460388184s
round4: 1035 0.08029890060424805s
round5: 1020 0.07920598983764648s
round6: 1023 0.07787680625915527s
round7: 1071 0.078887939453125s
round8: 975 0.07762384414672852s
round9: 1035 0.07519340515136719s
