round0: 3048 0.1472012996673584s
round1: 3072 0.15641379356384277s
round2: 3036 0.1548023223876953s
round3: 3120 0.15187954902648926s
round4: 3129 0.15333986282348633s
round5: 3162 0.14904570579528809s
round6: 3012 0.1801598072052002s
round7: 3255 0.18595147132873535s
round8: 3141 0.15712738037109375s
round9: 3144 0.1691746711730957s
