round0: 387 0.04513382911682129s
round1: 414 0.044183969497680664s
round2: 396 0.047570228576660156s
round3: 420 0.046713829040527344s
round4: 381 0.040216684341430664s
round5: 375 0.041034698486328125s
round6: 408 0.04458260536193848s
round7: 435 0.044864654541015625s
round8: 369 0.041356563568115234s
round9: 345 0.042356252670288086s
