round0: 984 0.06785869598388672s
round1: 1005 0.06598234176635742s
round2: 993 0.06614804267883301s
round3: 1029 0.06815576553344727s
round4: 1038 0.07854938507080078s
round5: 1038 0.0778350830078125s
round6: 1092 0.07769417762756348s
round7: 1029 0.07828283309936523s
round8: 999 0.07853317260742188s
round9: 990 0.07169723510742188s
