round0: 111 0.02681279182434082s
round1: 120 0.026232004165649414s
round2: 111 0.025608301162719727s
round3: 102 0.02171635627746582s
round4: 108 0.021752595901489258s
round5: 111 0.02271580696105957s
round6: 117 0.023782014846801758s
round7: 111 0.02198481559753418s
round8: 105 0.02190852165222168s
round9: 102 0.0220797061920166s
