round0: 1824 0.09993577003479004s
round1: 1812 0.11046171188354492s
round2: 1821 0.11402463912963867s
round3: 1863 0.119293212890625s
round4: 1881 0.10165071487426758s
round5: 1809 0.09831547737121582s
round6: 1776 0.09809613227844238s
round7: 1863 0.10089635848999023s
round8: 1917 0.1004784107208252s
round9: 1917 0.10329937934875488s
