round0: 525 0.05315351486206055s
round1: 531 0.04842400550842285s
round2: 525 0.04443240165710449s
round3: 522 0.04490780830383301s
round4: 540 0.04289507865905762s
round5: 522 0.04951596260070801s
round6: 543 0.048247337341308594s
round7: 537 0.0442652702331543s
round8: 531 0.04515695571899414s
round9: 528 0.04418754577636719s
