round0: 72 0.02974534034729004s
round1: 72 0.028638124465942383s
round2: 72 0.029674053192138672s
round3: 72 0.02861166000366211s
round4: 72 0.02968883514404297s
round5: 72 0.02509140968322754s
round6: 72 0.027971267700195312s
round7: 72 0.02685379981994629s
round8: 72 0.024442434310913086s
round9: 114 0.027476787567138672s
