round0: 345 0.04674720764160156s
round1: 339 0.06115317344665527s
round2: 339 0.06511688232421875s
round3: 339 0.06320834159851074s
round4: 345 0.0645594596862793s
round5: 576 0.07019972801208496s
round6: 339 0.0618283748626709s
round7: 339 0.0730733871459961s
round8: 339 0.06387472152709961s
round9: 339 0.07193136215209961s
