round0: 804 0.05776500701904297s
round1: 789 0.062470436096191406s
round2: 792 0.05734372138977051s
round3: 795 0.060321807861328125s
round4: 792 0.06452035903930664s
round5: 783 0.06104636192321777s
round6: 783 0.06346750259399414s
round7: 807 0.07107901573181152s
round8: 774 0.06966137886047363s
round9: 801 0.06123924255371094s
