round0: 147 0.01560354232788086s
round1: 138 0.01666712760925293s
round2: 159 0.01610398292541504s
round3: 162 0.01616644859313965s
round4: 144 0.01674485206604004s
round5: 138 0.016704082489013672s
round6: 138 0.014580726623535156s
round7: 174 0.015955686569213867s
round8: 141 0.012809514999389648s
round9: 162 0.014085054397583008s
