round0: 264 0.04933476448059082s
round1: 264 0.04682517051696777s
round2: 414 0.059690237045288086s
round3: 270 0.06332802772521973s
round4: 270 0.06312680244445801s
round5: 267 0.05882000923156738s
round6: 264 0.06482481956481934s
round7: 300 0.0593409538269043s
round8: 420 0.05755138397216797s
round9: 267 0.06265497207641602s
