round0: 171 0.037946224212646484s
round1: 171 0.04589486122131348s
round2: 171 0.04606509208679199s
round3: 171 0.04675030708312988s
round4: 258 0.04312252998352051s
round5: 258 0.04863929748535156s
round6: 171 0.04443669319152832s
round7: 171 0.04532027244567871s
round8: 258 0.04883980751037598s
round9: 171 0.044985294342041016s
