round0: 966 0.06458067893981934s
round1: 948 0.07054591178894043s
round2: 960 0.06414103507995605s
round3: 996 0.06393718719482422s
round4: 954 0.06116652488708496s
round5: 981 0.06452322006225586s
round6: 987 0.0655219554901123s
round7: 972 0.0660085678100586s
round8: 984 0.07007074356079102s
round9: 966 0.0662071704864502s
