round0: 591 0.038747549057006836s
round1: 594 0.048220157623291016s
round2: 606 0.054276227951049805s
round3: 591 0.0505979061126709s
round4: 618 0.0627906322479248s
round5: 603 0.05366110801696777s
round6: 621 0.06370306015014648s
round7: 600 0.05266404151916504s
round8: 639 0.05350375175476074s
round9: 603 0.049388885498046875s
