round0: 666 0.05639529228210449s
round1: 669 0.05480480194091797s
round2: 645 0.06245779991149902s
round3: 672 0.06683897972106934s
round4: 672 0.05757498741149902s
round5: 663 0.06369423866271973s
round6: 663 0.06472635269165039s
round7: 669 0.07172846794128418s
round8: 651 0.07077717781066895s
round9: 678 0.06623482704162598s
