round0: 720 0.06285858154296875s
round1: 747 0.06754040718078613s
round2: 717 0.07155776023864746s
round3: 732 0.0699770450592041s
round4: 741 0.06782174110412598s
round5: 741 0.0700221061706543s
round6: 723 0.07037758827209473s
round7: 738 0.07254576683044434s
round8: 735 0.06706404685974121s
round9: 741 0.07071161270141602s
