round0: 72 0.007559776306152344s
round1: 60 0.009130716323852539s
round2: 60 0.00951385498046875s
round3: 66 0.00818181037902832s
round4: 60 0.008135557174682617s
round5: 60 0.00937032699584961s
round6: 66 0.010301828384399414s
round7: 72 0.012531042098999023s
round8: 60 0.010514497756958008s
round9: 63 0.012847900390625s
