round0: 3396 0.17489337921142578s
round1: 3354 0.16161179542541504s
round2: 3291 0.15773272514343262s
round3: 3414 0.1517946720123291s
round4: 3330 0.1488792896270752s
round5: 3351 0.1479487419128418s
round6: 3396 0.14956140518188477s
round7: 3339 0.15897870063781738s
round8: 3399 0.15187335014343262s
round9: 3387 0.1590135097503662s
