round0: 345 0.05512499809265137s
round1: 339 0.04710650444030762s
round2: 345 0.052484989166259766s
round3: 351 0.05283617973327637s
round4: 351 0.05770134925842285s
round5: 345 0.056275367736816406s
round6: 339 0.059699058532714844s
round7: 339 0.05803537368774414s
round8: 345 0.06496047973632812s
round9: 351 0.061089515686035156s
