round0: 477 0.04500770568847656s
round1: 489 0.04862689971923828s
round2: 474 0.04669308662414551s
round3: 474 0.048375606536865234s
round4: 459 0.042470455169677734s
round5: 471 0.04341602325439453s
round6: 474 0.05091738700866699s
round7: 498 0.05305051803588867s
round8: 486 0.050426483154296875s
round9: 489 0.050133705139160156s
