round0: 1347 0.10346794128417969s
round1: 1362 0.09453439712524414s
round2: 1365 0.08436155319213867s
round3: 1344 0.08041810989379883s
round4: 1380 0.08990025520324707s
round5: 1359 0.08847332000732422s
round6: 1344 0.07979321479797363s
round7: 1386 0.09002971649169922s
round8: 1350 0.08550882339477539s
round9: 1356 0.07547879219055176s
