round0: 309 0.06051182746887207s
round1: 309 0.06646561622619629s
round2: 309 0.07404637336730957s
round3: 309 0.08328461647033691s
round4: 309 0.07941174507141113s
round5: 309 0.0841984748840332s
round6: 309 0.0719764232635498s
round7: 654 0.0849921703338623s
round8: 309 0.07466816902160645s
round9: 309 0.08482909202575684s
