round0: 624 0.059082746505737305s
round1: 651 0.06161665916442871s
round2: 642 0.060050249099731445s
round3: 642 0.05274343490600586s
round4: 639 0.0488736629486084s
round5: 630 0.053876399993896484s
round6: 633 0.05482816696166992s
round7: 645 0.057480812072753906s
round8: 651 0.05811929702758789s
round9: 645 0.057092905044555664s
