round0: 2085 0.11687803268432617s
round1: 2085 0.1072688102722168s
round2: 2046 0.1143953800201416s
round3: 2037 0.116943359375s
round4: 2088 0.1147909164428711s
round5: 2088 0.11581158638000488s
round6: 2109 0.11691069602966309s
round7: 2121 0.10830020904541016s
round8: 2106 0.10872006416320801s
round9: 2070 0.11034488677978516s
