round0: 408 0.03325700759887695s
round1: 387 0.0294344425201416s
round2: 393 0.03217816352844238s
round3: 390 0.036778926849365234s
round4: 393 0.03749966621398926s
round5: 393 0.0397028923034668s
round6: 393 0.03837442398071289s
round7: 390 0.040316104888916016s
round8: 414 0.04219651222229004s
round9: 405 0.03641366958618164s
