round0: 0 0.0035059452056884766s
round1: 0 0.004121065139770508s
round2: 0 0.004470348358154297s
round3: 0 0.0041882991790771484s
round4: 0 0.004164457321166992s
round5: 0 0.004667043685913086s
round6: 0 0.0051364898681640625s
round7: 0 0.0054492950439453125s
round8: 0 0.0054225921630859375s
round9: 0 0.00579524040222168s
