round0: 0 0.001859426498413086s
round1: 0 0.0032777786254882812s
round2: 0 0.0033228397369384766s
round3: 0 0.0036089420318603516s
round4: 0 0.003446340560913086s
round5: 0 0.00353240966796875s
round6: 0 0.0035614967346191406s
round7: 0 0.003429889678955078s
round8: 0 0.0035190582275390625s
round9: 0 0.003414630889892578s
