round0: 1131 0.1273190975189209s
round1: 1044 0.11691570281982422s
round2: 1119 0.09999251365661621s
round3: 1125 0.0961611270904541s
round4: 1113 0.10100817680358887s
round5: 1107 0.1007537841796875s
round6: 1101 0.10100555419921875s
round7: 1056 0.10585713386535645s
round8: 1176 0.10622978210449219s
round9: 1146 0.10258150100708008s
