round0: 3 0.0042994022369384766s
round1: 3 0.004125356674194336s
round2: 3 0.00416254997253418s
round3: 3 0.004088163375854492s
round4: 3 0.00407719612121582s
round5: 3 0.004177570343017578s
round6: 3 0.004024028778076172s
round7: 3 0.004141330718994141s
round8: 3 0.004217863082885742s
round9: 3 0.004291534423828125s
