round0: 7146 0.5367562770843506s
round1: 7737 0.5000216960906982s
round2: 7839 0.48717761039733887s
round3: 7248 0.49446892738342285s
round4: 7800 0.5178382396697998s
round5: 7959 0.49384284019470215s
round6: 7509 0.5130665302276611s
round7: 7521 0.4921278953552246s
round8: 7497 0.5028018951416016s
round9: 7707 0.49253225326538086s
