round0: 2313 0.19838809967041016s
round1: 2310 0.18062496185302734s
round2: 2097 0.1740415096282959s
round3: 2406 0.17863750457763672s
round4: 2223 0.17020106315612793s
round5: 2250 0.16906452178955078s
round6: 2229 0.1705319881439209s
round7: 2346 0.169342041015625s
round8: 2298 0.1680278778076172s
round9: 2346 0.16868281364440918s
