round0: 0 0.002753734588623047s
round1: 0 0.003208160400390625s
round2: 0 0.0035696029663085938s
round3: 0 0.003665447235107422s
round4: 0 0.003517627716064453s
round5: 0 0.0036919116973876953s
round6: 0 0.0036084651947021484s
round7: 0 0.004704952239990234s
round8: 0 0.004678487777709961s
round9: 0 0.004777431488037109s
