round0: 0 0.007719278335571289s
round1: 0 0.007634401321411133s
round2: 0 0.004569292068481445s
round3: 0 0.004727363586425781s
round4: 0 0.004846334457397461s
round5: 0 0.005002498626708984s
round6: 0 0.006131887435913086s
round7: 0 0.005913257598876953s
round8: 0 0.005951642990112305s
round9: 0 0.005742073059082031s
