round0: 0 0.002496480941772461s
round1: 0 0.004208087921142578s
round2: 0 0.00446009635925293s
round3: 0 0.0052912235260009766s
round4: 0 0.005858182907104492s
round5: 0 0.005831480026245117s
round6: 0 0.006726741790771484s
round7: 0 0.006050825119018555s
round8: 0 0.006067991256713867s
round9: 0 0.0061643123626708984s
