round0: 0 0.007815837860107422s
round1: 0 0.006939888000488281s
round2: 0 0.005978107452392578s
round3: 0 0.00623631477355957s
round4: 0 0.00541996955871582s
round5: 0 0.005082607269287109s
round6: 0 0.005217790603637695s
round7: 0 0.004925251007080078s
round8: 0 0.0052852630615234375s
round9: 0 0.005254983901977539s
