round0: 1134 0.12122988700866699s
round1: 1056 0.12049245834350586s
round2: 1131 0.12659645080566406s
round3: 1119 0.1268913745880127s
round4: 1203 0.13660717010498047s
round5: 999 0.13049530982971191s
round6: 1128 0.12484240531921387s
round7: 933 0.11839008331298828s
round8: 1098 0.12141633033752441s
round9: 981 0.1252880096435547s
