round0: 0 0.004169464111328125s
round1: 0 0.00429987907409668s
round2: 0 0.004179239273071289s
round3: 3 0.004396677017211914s
round4: 0 0.004138946533203125s
round5: 0 0.0042171478271484375s
round6: 0 0.004101753234863281s
round7: 0 0.0040128231048583984s
round8: 0 0.004142284393310547s
round9: 0 0.0041120052337646484s
