round0: 132 0.034893035888671875s
round1: 138 0.036138057708740234s
round2: 132 0.03511977195739746s
round3: 141 0.03448200225830078s
round4: 132 0.032813072204589844s
round5: 138 0.03399825096130371s
round6: 138 0.033429622650146484s
round7: 141 0.03346443176269531s
round8: 141 0.03198361396789551s
round9: 129 0.03301072120666504s
