round0: 240 0.03173542022705078s
round1: 255 0.048304080963134766s
round2: 234 0.04965519905090332s
round3: 249 0.04972481727600098s
round4: 237 0.04595351219177246s
round5: 252 0.04904770851135254s
round6: 255 0.049404144287109375s
round7: 237 0.04522109031677246s
round8: 246 0.0509486198425293s
round9: 252 0.05121016502380371s
