round0: 36 0.01148080825805664s
round1: 30 0.010570287704467773s
round2: 30 0.011075258255004883s
round3: 33 0.011060953140258789s
round4: 33 0.010832071304321289s
round5: 30 0.011481046676635742s
round6: 27 0.010930538177490234s
round7: 30 0.011565446853637695s
round8: 30 0.011699914932250977s
round9: 33 0.010307073593139648s
