round0: 75 0.020827054977416992s
round1: 75 0.02272200584411621s
round2: 72 0.022191286087036133s
round3: 78 0.01836419105529785s
round4: 75 0.02097916603088379s
round5: 69 0.021724939346313477s
round6: 72 0.020753145217895508s
round7: 78 0.02020406723022461s
round8: 75 0.01849675178527832s
round9: 69 0.020320415496826172s
