round0: 1128 0.14267373085021973s
round1: 1134 0.13272714614868164s
round2: 1095 0.1178426742553711s
round3: 1059 0.11055874824523926s
round4: 1146 0.10315370559692383s
round5: 984 0.10197043418884277s
round6: 1083 0.10600852966308594s
round7: 1113 0.11217474937438965s
round8: 1002 0.10628294944763184s
round9: 1107 0.11259007453918457s
