round0: 2004 0.16086363792419434s
round1: 1800 0.15073847770690918s
round2: 1851 0.1494426727294922s
round3: 1770 0.14725112915039062s
round4: 1851 0.14311647415161133s
round5: 1926 0.14658856391906738s
round6: 1836 0.15062856674194336s
round7: 1761 0.14448761940002441s
round8: 1938 0.14413690567016602s
round9: 2016 0.1489579677581787s
