round0: 114 0.012668848037719727s
round1: 93 0.020938396453857422s
round2: 105 0.026546001434326172s
round3: 102 0.027031421661376953s
round4: 93 0.024097919464111328s
round5: 99 0.02572774887084961s
round6: 111 0.025334596633911133s
round7: 99 0.0250244140625s
round8: 105 0.02416086196899414s
round9: 105 0.023558378219604492s
