round0: 5505 0.3548705577850342s
round1: 5331 0.351604700088501s
round2: 5502 0.359086275100708s
round3: 5457 0.3636951446533203s
round4: 5547 0.3665308952331543s
round5: 5406 0.37970638275146484s
round6: 5577 0.36298322677612305s
round7: 5583 0.3529691696166992s
round8: 5748 0.3807191848754883s
round9: 5490 0.37201714515686035s
