round0: 3696 0.28342700004577637s
round1: 3657 0.2791404724121094s
round2: 3519 0.26703929901123047s
round3: 3705 0.2680041790008545s
round4: 3501 0.26895785331726074s
round5: 3723 0.27188777923583984s
round6: 3459 0.2730293273925781s
round7: 3504 0.28783249855041504s
round8: 3342 0.27466416358947754s
round9: 3216 0.27347445487976074s
