round0: 2040 0.19229626655578613s
round1: 2412 0.194854736328125s
round2: 1911 0.1889939308166504s
round3: 2397 0.18796730041503906s
round4: 2259 0.18216228485107422s
round5: 1689 0.1855940818786621s
round6: 2121 0.18195319175720215s
round7: 1530 0.18279051780700684s
round8: 2007 0.1797633171081543s
round9: 2067 0.18766283988952637s
