round0: 1110 0.11385560035705566s
round1: 1071 0.11712360382080078s
round2: 1185 0.1246192455291748s
round3: 1188 0.11784601211547852s
round4: 996 0.1196751594543457s
round5: 1101 0.1310744285583496s
round6: 1155 0.1317739486694336s
round7: 1047 0.12300515174865723s
round8: 1020 0.11881041526794434s
round9: 969 0.1125955581665039s
