round0: 15621 0.9843828678131104s
round1: 14928 0.92588210105896s
round2: 15735 0.9285023212432861s
round3: 14577 0.9154214859008789s
round4: 15807 0.9321670532226562s
round5: 14415 0.9217944145202637s
round6: 14505 0.903526782989502s
round7: 15528 0.9347693920135498s
round8: 15495 0.9355809688568115s
round9: 14820 0.9152500629425049s
