round0: 1050 0.09835195541381836s
round1: 999 0.10969972610473633s
round2: 1068 0.11269307136535645s
round3: 936 0.10278844833374023s
round4: 912 0.09981346130371094s
round5: 1032 0.10240435600280762s
round6: 1047 0.10655951499938965s
round7: 897 0.0997471809387207s
round8: 978 0.10618972778320312s
round9: 873 0.10364961624145508s
