round0: 561 0.04794740676879883s
round1: 579 0.06354498863220215s
round2: 612 0.06946301460266113s
round3: 549 0.07616162300109863s
round4: 582 0.06899189949035645s
round5: 555 0.07499289512634277s
round6: 540 0.07606339454650879s
round7: 570 0.08028984069824219s
round8: 597 0.07989811897277832s
round9: 570 0.08040142059326172s
