round0: 2712 0.20357251167297363s
round1: 3093 0.19549942016601562s
round2: 2913 0.18218278884887695s
round3: 2727 0.17157340049743652s
round4: 2910 0.17066240310668945s
round5: 2874 0.16797494888305664s
round6: 2850 0.16586685180664062s
round7: 3096 0.16927075386047363s
round8: 3030 0.16264891624450684s
round9: 2901 0.16396713256835938s
