round0: 20481 0.9477448463439941s
round1: 20565 0.938591480255127s
round2: 19899 0.9438581466674805s
round3: 20580 0.9529223442077637s
round4: 21144 0.9420876502990723s
round5: 20892 0.9502332210540771s
round6: 19764 0.9472687244415283s
round7: 21060 0.9457802772521973s
round8: 20814 0.9528977870941162s
round9: 20661 0.9425561428070068s
