round0: 105 0.025323867797851562s
round1: 96 0.02455449104309082s
round2: 105 0.02587723731994629s
round3: 102 0.025457143783569336s
round4: 96 0.0251462459564209s
round5: 102 0.026124238967895508s
round6: 99 0.025667190551757812s
round7: 102 0.025362491607666016s
round8: 96 0.023138046264648438s
round9: 108 0.022293806076049805s
