round0: 4722 0.23165225982666016s
round1: 4992 0.2433769702911377s
round2: 4602 0.23632264137268066s
round3: 4668 0.24188947677612305s
round4: 4773 0.25037169456481934s
round5: 4617 0.24310016632080078s
round6: 4509 0.23736071586608887s
round7: 4419 0.23589777946472168s
round8: 4878 0.2375319004058838s
round9: 4560 0.24478912353515625s
