round0: 1542 0.12639522552490234s
round1: 1572 0.1052708625793457s
round2: 1566 0.09976458549499512s
round3: 1437 0.09941506385803223s
round4: 1536 0.1041569709777832s
round5: 1485 0.10122990608215332s
round6: 1551 0.10233616828918457s
round7: 1497 0.10779643058776855s
round8: 1578 0.1135561466217041s
round9: 1647 0.10197782516479492s
