round0: 84 0.019683122634887695s
round1: 81 0.013281583786010742s
round2: 84 0.01956796646118164s
round3: 78 0.01943182945251465s
round4: 78 0.01952958106994629s
round5: 78 0.019339799880981445s
round6: 87 0.020021438598632812s
round7: 87 0.020397663116455078s
round8: 75 0.02041792869567871s
round9: 81 0.02053546905517578s
