round0: 369 0.03919696807861328s
round1: 462 0.04086804389953613s
round2: 450 0.04237055778503418s
round3: 447 0.04186248779296875s
round4: 378 0.042252302169799805s
round5: 432 0.04246044158935547s
round6: 384 0.04005885124206543s
round7: 456 0.0415494441986084s
round8: 396 0.0426335334777832s
round9: 444 0.04221963882446289s
