round0: 126 0.024126529693603516s
round1: 117 0.02219867706298828s
round2: 135 0.022898197174072266s
round3: 129 0.024000167846679688s
round4: 126 0.02474808692932129s
round5: 114 0.024260282516479492s
round6: 141 0.02468252182006836s
round7: 114 0.024519920349121094s
round8: 123 0.017497539520263672s
round9: 129 0.016623497009277344s
