round0: 183 0.012746334075927734s
round1: 195 0.02029275894165039s
round2: 138 0.019797801971435547s
round3: 132 0.020104646682739258s
round4: 147 0.019348621368408203s
round5: 180 0.02490401268005371s
round6: 183 0.025643110275268555s
round7: 168 0.02797865867614746s
round8: 198 0.02858734130859375s
round9: 201 0.02745842933654785s
