round0: 42 0.009700536727905273s
round1: 45 0.008972883224487305s
round2: 42 0.010205745697021484s
round3: 42 0.00867605209350586s
round4: 45 0.00910806655883789s
round5: 45 0.013820171356201172s
round6: 42 0.008854389190673828s
round7: 42 0.008982658386230469s
round8: 45 0.009233474731445312s
round9: 42 0.008888721466064453s
