round0: 15 0.012693405151367188s
round1: 18 0.012628316879272461s
round2: 15 0.012611627578735352s
round3: 15 0.01246500015258789s
round4: 15 0.01254415512084961s
round5: 18 0.012471675872802734s
round6: 18 0.012499570846557617s
round7: 15 0.012431621551513672s
round8: 18 0.012652873992919922s
round9: 15 0.012522220611572266s
