round0: 0 0.025733470916748047s
round1: 0 0.024785757064819336s
round2: 0 0.023164749145507812s
round3: 0 0.0261690616607666s
round4: 0 0.025371551513671875s
round5: 0 0.024527311325073242s
round6: 0 0.024997234344482422s
round7: 0 0.02610945701599121s
round8: 0 0.023642778396606445s
round9: 0 0.026624441146850586s
