round0: 0 0.014062643051147461s
round1: 0 0.016715288162231445s
round2: 0 0.017145633697509766s
round3: 0 0.018627643585205078s
round4: 0 0.021218538284301758s
round5: 0 0.019687414169311523s
round6: 0 0.019569873809814453s
round7: 0 0.019769668579101562s
round8: 0 0.018808841705322266s
round9: 0 0.018898487091064453s
