round0: 0 0.022638320922851562s
round1: 0 0.022254228591918945s
round2: 0 0.022969722747802734s
round3: 0 0.02228093147277832s
round4: 0 0.022573232650756836s
round5: 0 0.021777868270874023s
round6: 0 0.019597768783569336s
round7: 0 0.01982736587524414s
round8: 0 0.01961541175842285s
round9: 0 0.02038264274597168s
