round0: 0 0.047216176986694336s
round1: 0 0.04973030090332031s
round2: 0 0.04746580123901367s
round3: 0 0.041771650314331055s
round4: 0 0.047715187072753906s
round5: 0 0.04643511772155762s
round6: 0 0.043709754943847656s
round7: 0 0.043930768966674805s
round8: 0 0.04228854179382324s
round9: 0 0.04523611068725586s
