round0: 0 0.008155107498168945s
round1: 0 0.010920286178588867s
round2: 0 0.011616945266723633s
round3: 0 0.011458158493041992s
round4: 0 0.012660980224609375s
round5: 0 0.012537956237792969s
round6: 0 0.012293338775634766s
round7: 0 0.012366771697998047s
round8: 0 0.012361526489257812s
round9: 0 0.01162576675415039s
