round0: 0 0.014663457870483398s
round1: 0 0.015296697616577148s
round2: 0 0.014799118041992188s
round3: 0 0.01491403579711914s
round4: 0 0.015419244766235352s
round5: 0 0.014445781707763672s
round6: 0 0.013994216918945312s
round7: 0 0.014438390731811523s
round8: 0 0.013485908508300781s
round9: 0 0.014228343963623047s
