round0: 363 0.08067154884338379s
round1: 381 0.08147931098937988s
round2: 372 0.07402634620666504s
round3: 345 0.07513666152954102s
round4: 360 0.0748283863067627s
round5: 378 0.07286930084228516s
round6: 354 0.07210612297058105s
round7: 393 0.06927132606506348s
round8: 429 0.07614517211914062s
round9: 372 0.07498836517333984s
