round0: 153 0.016575336456298828s
round1: 147 0.025650739669799805s
round2: 174 0.03463387489318848s
round3: 138 0.0340275764465332s
round4: 159 0.03504204750061035s
round5: 174 0.03447890281677246s
round6: 156 0.035614967346191406s
round7: 135 0.03569936752319336s
round8: 165 0.03411364555358887s
round9: 153 0.03303241729736328s
