round0: 42 0.00968480110168457s
round1: 45 0.009167671203613281s
round2: 45 0.010832071304321289s
round3: 48 0.009998321533203125s
round4: 45 0.009466886520385742s
round5: 33 0.010120391845703125s
round6: 45 0.01040339469909668s
round7: 39 0.012048006057739258s
round8: 39 0.00987863540649414s
round9: 30 0.009512901306152344s
