round0: 36 0.010658979415893555s
round1: 63 0.016335725784301758s
round2: 66 0.01938772201538086s
round3: 51 0.020191669464111328s
round4: 48 0.019379138946533203s
round5: 57 0.020012617111206055s
round6: 48 0.019887208938598633s
round7: 72 0.021707773208618164s
round8: 75 0.020602941513061523s
round9: 66 0.021210432052612305s
