round0: 12 0.0051043033599853516s
round1: 12 0.005563020706176758s
round2: 6 0.010304927825927734s
round3: 12 0.0063076019287109375s
round4: 12 0.013027429580688477s
round5: 12 0.0064427852630615234s
round6: 18 0.012115478515625s
round7: 18 0.006589174270629883s
round8: 21 0.0061969757080078125s
round9: 6 0.011634588241577148s
