round0: 84 0.020987749099731445s
round1: 102 0.024770498275756836s
round2: 87 0.025291919708251953s
round3: 87 0.026328325271606445s
round4: 102 0.026195049285888672s
round5: 87 0.026812076568603516s
round6: 96 0.02716517448425293s
round7: 81 0.024663209915161133s
round8: 99 0.027085542678833008s
round9: 87 0.025124073028564453s
