round0: 40044 1.8046178817749023s
round1: 39975 1.762911081314087s
round2: 40185 1.7926111221313477s
round3: 39669 1.847219467163086s
round4: 39807 1.8216280937194824s
round5: 38805 1.6972346305847168s
round6: 39744 1.8088538646697998s
round7: 40179 1.8629322052001953s
round8: 40551 1.8390679359436035s
round9: 41175 1.8034539222717285s
