round0: 342 0.05424356460571289s
round1: 369 0.052996158599853516s
round2: 351 0.05232048034667969s
round3: 366 0.05814862251281738s
round4: 339 0.05166149139404297s
round5: 348 0.05520343780517578s
round6: 363 0.05856180191040039s
round7: 366 0.05746626853942871s
round8: 360 0.05605888366699219s
round9: 360 0.05649232864379883s
