round0: 342 0.04179096221923828s
round1: 369 0.052071571350097656s
round2: 351 0.055039167404174805s
round3: 366 0.05688619613647461s
round4: 339 0.05836915969848633s
round5: 348 0.0598297119140625s
round6: 363 0.06038069725036621s
round7: 366 0.05985760688781738s
round8: 360 0.05865931510925293s
round9: 360 0.058228492736816406s
