round0: 21 0.013569355010986328s
round1: 21 0.012793540954589844s
round2: 21 0.014540910720825195s
round3: 21 0.014645814895629883s
round4: 21 0.014601945877075195s
round5: 21 0.0145416259765625s
round6: 21 0.01448369026184082s
round7: 21 0.014240741729736328s
round8: 21 0.014095544815063477s
round9: 21 0.014447450637817383s
