round0: 1614 0.1434938907623291s
round1: 1578 0.11644363403320312s
round2: 1566 0.12045049667358398s
round3: 1686 0.12174320220947266s
round4: 1647 0.12369537353515625s
round5: 1686 0.12006306648254395s
round6: 1677 0.11439919471740723s
round7: 1680 0.11252427101135254s
round8: 1659 0.11417222023010254s
round9: 1644 0.12074565887451172s
