round0: 3168 0.21822190284729004s
round1: 3060 0.19204998016357422s
round2: 3015 0.17947864532470703s
round3: 2955 0.17786526679992676s
round4: 3093 0.18558764457702637s
round5: 2922 0.17408156394958496s
round6: 3138 0.18299126625061035s
round7: 3114 0.18399381637573242s
round8: 3102 0.17621755599975586s
round9: 3252 0.18195128440856934s
