round0: 4848 0.280515193939209s
round1: 4617 0.26869988441467285s
round2: 5046 0.2711207866668701s
round3: 4944 0.2751767635345459s
round4: 4959 0.24979782104492188s
round5: 5010 0.25966525077819824s
round6: 5043 0.2712714672088623s
round7: 4854 0.27580952644348145s
round8: 4905 0.2715647220611572s
round9: 4803 0.2757124900817871s
