round0: 699 0.04402756690979004s
round1: 666 0.0632483959197998s
round2: 690 0.06240582466125488s
round3: 675 0.07409811019897461s
round4: 696 0.06939554214477539s
round5: 699 0.07669520378112793s
round6: 678 0.08199048042297363s
round7: 675 0.07815122604370117s
round8: 672 0.0852041244506836s
round9: 669 0.08159923553466797s
