round0: 21240 1.0562071800231934s
round1: 21450 1.0062336921691895s
round2: 20913 1.0189480781555176s
round3: 20601 0.9952826499938965s
round4: 21603 1.0037569999694824s
round5: 19293 1.0024850368499756s
round6: 21366 1.0235254764556885s
round7: 22056 1.022623062133789s
round8: 19263 1.0124597549438477s
round9: 21507 1.0237622261047363s
