round0: 126 0.028384685516357422s
round1: 138 0.029012441635131836s
round2: 126 0.026611328125s
round3: 132 0.030130624771118164s
round4: 123 0.029572010040283203s
round5: 132 0.028629779815673828s
round6: 126 0.027434587478637695s
round7: 132 0.03018975257873535s
round8: 123 0.028981924057006836s
round9: 132 0.030128955841064453s
