round0: 141 0.021886348724365234s
round1: 138 0.02137303352355957s
round2: 141 0.02144598960876465s
round3: 147 0.019385337829589844s
round4: 147 0.020856142044067383s
round5: 150 0.0226285457611084s
round6: 141 0.022765636444091797s
round7: 141 0.02134394645690918s
round8: 147 0.021285533905029297s
round9: 156 0.021057605743408203s
