round0: 21759 1.0457801818847656s
round1: 20700 1.027254581451416s
round2: 19485 1.0292458534240723s
round3: 20307 1.0320065021514893s
round4: 19113 1.0101745128631592s
round5: 21594 1.0192761421203613s
round6: 20388 1.0030806064605713s
round7: 20472 1.0224854946136475s
round8: 21099 1.0035157203674316s
round9: 17778 0.994431734085083s
