round0: 1611 0.15172481536865234s
round1: 1689 0.13683152198791504s
round2: 1728 0.13946318626403809s
round3: 1599 0.1360783576965332s
round4: 1611 0.1428847312927246s
round5: 1557 0.13634419441223145s
round6: 1560 0.13458561897277832s
round7: 1617 0.1272895336151123s
round8: 1719 0.12316608428955078s
round9: 1443 0.12495923042297363s
