round0: 693 0.09218406677246094s
round1: 702 0.08731961250305176s
round2: 723 0.09284758567810059s
round3: 690 0.09085321426391602s
round4: 696 0.08920097351074219s
round5: 657 0.09015703201293945s
round6: 654 0.09197473526000977s
round7: 675 0.08642840385437012s
round8: 639 0.08861494064331055s
round9: 738 0.09261775016784668s
