round0: 5178 0.2623002529144287s
round1: 4764 0.26337695121765137s
round2: 4911 0.26553773880004883s
round3: 4671 0.2591512203216553s
round4: 5127 0.2584993839263916s
round5: 4860 0.2553720474243164s
round6: 5208 0.26616621017456055s
round7: 4962 0.2633206844329834s
round8: 4788 0.2601761817932129s
round9: 4779 0.2532768249511719s
