round0: 3003 0.1942760944366455s
round1: 2892 0.18320536613464355s
round2: 2895 0.17923998832702637s
round3: 2922 0.17719745635986328s
round4: 2949 0.1846001148223877s
round5: 3168 0.17713451385498047s
round6: 3117 0.17532992362976074s
round7: 3138 0.18467497825622559s
round8: 3033 0.1787402629852295s
round9: 3054 0.17775678634643555s
