round0: 39207 2.000516414642334s
round1: 39639 1.9359769821166992s
round2: 38346 1.9339020252227783s
round3: 40530 1.947519302368164s
round4: 37698 1.9273250102996826s
round5: 40338 1.951188325881958s
round6: 36390 1.9487180709838867s
round7: 35739 1.93467378616333s
round8: 37362 1.938812494277954s
round9: 37563 1.883892297744751s
