round0: 8904 0.46384692192077637s
round1: 9165 0.43718838691711426s
round2: 8358 0.43285083770751953s
round3: 9420 0.4408073425292969s
round4: 8676 0.4422471523284912s
round5: 8481 0.4411616325378418s
round6: 9024 0.44756317138671875s
round7: 9066 0.4394693374633789s
round8: 9222 0.43230652809143066s
round9: 8775 0.42944788932800293s
