round0: 2550 0.18138861656188965s
round1: 2802 0.18555521965026855s
round2: 2550 0.17543458938598633s
round3: 2559 0.18248820304870605s
round4: 2565 0.18365001678466797s
round5: 2574 0.18266725540161133s
round6: 2559 0.18311333656311035s
round7: 2562 0.17793774604797363s
round8: 2559 0.17691469192504883s
round9: 2547 0.17121624946594238s
