round0: 1119 0.08600139617919922s
round1: 1098 0.10166811943054199s
round2: 1101 0.10909485816955566s
round3: 1287 0.11449551582336426s
round4: 1161 0.12145638465881348s
round5: 1113 0.10738801956176758s
round6: 1125 0.10916996002197266s
round7: 1122 0.11621689796447754s
round8: 1119 0.11766481399536133s
round9: 1101 0.10998654365539551s
