round0: 5625 0.2902827262878418s
round1: 5547 0.29027247428894043s
round2: 5769 0.2989084720611572s
round3: 5787 0.31296873092651367s
round4: 5895 0.2924978733062744s
round5: 5883 0.28681063652038574s
round6: 5844 0.29205751419067383s
round7: 5274 0.27916526794433594s
round8: 5349 0.28162097930908203s
round9: 5958 0.29035043716430664s
