round0: 252 0.044936180114746094s
round1: 246 0.04542064666748047s
round2: 255 0.044466495513916016s
round3: 255 0.04450726509094238s
round4: 255 0.04289102554321289s
round5: 240 0.04200315475463867s
round6: 246 0.04499411582946777s
round7: 246 0.044660329818725586s
round8: 258 0.04605913162231445s
round9: 255 0.04430890083312988s
