round0: 780 0.09033322334289551s
round1: 771 0.09050774574279785s
round2: 765 0.08495712280273438s
round3: 807 0.08677244186401367s
round4: 795 0.0857701301574707s
round5: 750 0.08756113052368164s
round6: 819 0.08981466293334961s
round7: 765 0.09451484680175781s
round8: 807 0.0899190902709961s
round9: 783 0.09075045585632324s
