round0: 120 0.015977859497070312s
round1: 129 0.0247347354888916s
round2: 132 0.02028369903564453s
round3: 129 0.01958322525024414s
round4: 132 0.018781423568725586s
round5: 129 0.01916360855102539s
round6: 135 0.019176959991455078s
round7: 135 0.018897294998168945s
round8: 126 0.0194699764251709s
round9: 138 0.018984317779541016s
