round0: 1878 0.156982421875s
round1: 1947 0.13989543914794922s
round2: 1935 0.13399982452392578s
round3: 1788 0.13409996032714844s
round4: 1830 0.13295388221740723s
round5: 1941 0.12416672706604004s
round6: 1911 0.1194925308227539s
round7: 1848 0.12398266792297363s
round8: 1851 0.12907004356384277s
round9: 1875 0.12928104400634766s
