round0: 5415 0.29866671562194824s
round1: 5490 0.2447211742401123s
round2: 5526 0.24511265754699707s
round3: 5646 0.2439587116241455s
round4: 5595 0.24956393241882324s
round5: 5517 0.2617790699005127s
round6: 5460 0.25623440742492676s
round7: 5352 0.2520711421966553s
round8: 5457 0.24676179885864258s
round9: 5616 0.2525160312652588s
