round0: 22332 1.050401210784912s
round1: 23388 1.0155482292175293s
round2: 23319 1.0312552452087402s
round3: 22719 1.0145831108093262s
round4: 23043 1.0106110572814941s
round5: 22932 1.0322856903076172s
round6: 22476 1.011103868484497s
round7: 23064 1.017427682876587s
round8: 23199 1.0323543548583984s
round9: 23289 1.0274264812469482s
