round0: 3297 0.1737079620361328s
round1: 3264 0.16166138648986816s
round2: 3405 0.16393589973449707s
round3: 3384 0.1768326759338379s
round4: 3432 0.1793074607849121s
round5: 3387 0.16627240180969238s
round6: 3498 0.16871023178100586s
round7: 3444 0.17296266555786133s
round8: 3531 0.17473506927490234s
round9: 3171 0.16820311546325684s
