round0: 22332 1.018002986907959s
round1: 23388 1.0217020511627197s
round2: 23319 1.0322699546813965s
round3: 22719 1.0423378944396973s
round4: 23043 1.0184683799743652s
round5: 22932 1.0346660614013672s
round6: 22476 1.0204479694366455s
round7: 23064 1.0091674327850342s
round8: 23199 1.017376184463501s
round9: 23289 1.0301201343536377s
