round0: 1902 0.09044170379638672s
round1: 1854 0.10135006904602051s
round2: 1878 0.11113572120666504s
round3: 2004 0.1141362190246582s
round4: 1869 0.12276363372802734s
round5: 1929 0.11830568313598633s
round6: 1896 0.12195873260498047s
round7: 1863 0.12506937980651855s
round8: 1947 0.11407804489135742s
round9: 1905 0.11560940742492676s
