round0: 780 0.0929880142211914s
round1: 771 0.08698892593383789s
round2: 765 0.08029747009277344s
round3: 807 0.08308172225952148s
round4: 795 0.08417916297912598s
round5: 750 0.08138012886047363s
round6: 819 0.0853123664855957s
round7: 765 0.0811455249786377s
round8: 807 0.08153533935546875s
round9: 783 0.07671022415161133s
