round0: 144 0.016837120056152344s
round1: 132 0.024586915969848633s
round2: 138 0.026705026626586914s
round3: 135 0.028722047805786133s
round4: 135 0.028760671615600586s
round5: 144 0.027953624725341797s
round6: 138 0.02780318260192871s
round7: 144 0.02660965919494629s
round8: 138 0.028432369232177734s
round9: 126 0.027222633361816406s
