round0: 3297 0.18616533279418945s
round1: 3264 0.1739363670349121s
round2: 3405 0.17937564849853516s
round3: 3384 0.16504120826721191s
round4: 3432 0.1698155403137207s
round5: 3387 0.17676258087158203s
round6: 3498 0.18291020393371582s
round7: 3444 0.17284011840820312s
round8: 3531 0.17753815650939941s
round9: 3171 0.1785755157470703s
