round0: 5415 0.3240089416503906s
round1: 5490 0.2921738624572754s
round2: 5526 0.25376415252685547s
round3: 5646 0.26937270164489746s
round4: 5595 0.27936625480651855s
round5: 5517 0.2806730270385742s
round6: 5460 0.271686315536499s
round7: 5352 0.26677894592285156s
round8: 5457 0.26616573333740234s
round9: 5616 0.267289400100708s
