round0: 17547 0.8815581798553467s
round1: 17958 0.8243982791900635s
round2: 17775 0.8712215423583984s
round3: 17982 0.8892567157745361s
round4: 17604 0.8779020309448242s
round5: 17319 0.827455997467041s
round6: 18381 0.8364701271057129s
round7: 17193 0.8948662281036377s
round8: 17829 0.8727624416351318s
round9: 18396 0.858741044998169s
