round0: 0 0.01343536376953125s
round1: 0 0.013616800308227539s
round2: 0 0.013446331024169922s
round3: 0 0.013082027435302734s
round4: 0 0.013463973999023438s
round5: 0 0.013334035873413086s
round6: 0 0.013197898864746094s
round7: 0 0.012067079544067383s
round8: 0 0.012207746505737305s
round9: 0 0.012277364730834961s
