round0: 0 0.018990039825439453s
round1: 0 0.02005314826965332s
round2: 0 0.018741846084594727s
round3: 0 0.01890254020690918s
round4: 0 0.020005464553833008s
round5: 0 0.019814014434814453s
round6: 0 0.02059626579284668s
round7: 0 0.0221254825592041s
round8: 0 0.020521879196166992s
round9: 0 0.019391298294067383s
