round0: 0 0.07287168502807617s
round1: 0 0.07433819770812988s
round2: 0 0.07663869857788086s
round3: 0 0.07249331474304199s
round4: 0 0.06430625915527344s
round5: 0 0.07360672950744629s
round6: 0 0.06983399391174316s
round7: 0 0.07305407524108887s
round8: 0 0.06757855415344238s
round9: 0 0.07404112815856934s
