round0: 0 0.013201713562011719s
round1: 0 0.013561248779296875s
round2: 0 0.006339550018310547s
round3: 0 0.013242006301879883s
round4: 0 0.013277292251586914s
round5: 0 0.013134241104125977s
round6: 0 0.012944221496582031s
round7: 0 0.013300418853759766s
round8: 0 0.013616323471069336s
round9: 0 0.013309001922607422s
