round0: 0 0.027073383331298828s
round1: 0 0.024461030960083008s
round2: 0 0.026413917541503906s
round3: 0 0.0276336669921875s
round4: 0 0.02752685546875s
round5: 0 0.02729034423828125s
round6: 0 0.025920391082763672s
round7: 0 0.02475428581237793s
round8: 0 0.027587175369262695s
round9: 0 0.02448415756225586s
