round0: 0 0.041432857513427734s
round1: 0 0.0440826416015625s
round2: 0 0.041803598403930664s
round3: 0 0.04255247116088867s
round4: 0 0.038797855377197266s
round5: 0 0.03358340263366699s
round6: 0 0.038501739501953125s
round7: 0 0.04310035705566406s
round8: 0 0.039893150329589844s
round9: 0 0.04218316078186035s
