round0: 0 0.015979290008544922s
round1: 0 0.028518199920654297s
round2: 0 0.03087449073791504s
round3: 0 0.03429603576660156s
round4: 0 0.035669565200805664s
round5: 0 0.03142952919006348s
round6: 0 0.0325775146484375s
round7: 0 0.03534054756164551s
round8: 0 0.030319690704345703s
round9: 0 0.030818700790405273s
