round0: 141 0.017629146575927734s
round1: 132 0.01884317398071289s
round2: 132 0.018570899963378906s
round3: 129 0.01840496063232422s
round4: 135 0.018268585205078125s
round5: 132 0.019517898559570312s
round6: 129 0.020001649856567383s
round7: 132 0.018650054931640625s
round8: 129 0.020084142684936523s
round9: 135 0.019399642944335938s
