round0: 945 0.0912168025970459s
round1: 963 0.08641815185546875s
round2: 939 0.08863615989685059s
round3: 942 0.08955836296081543s
round4: 960 0.09351515769958496s
round5: 924 0.09264087677001953s
round6: 933 0.09570050239562988s
round7: 960 0.09042119979858398s
round8: 957 0.09129500389099121s
round9: 966 0.08986520767211914s
