round0: 933 0.08305144309997559s
round1: 948 0.08794784545898438s
round2: 942 0.08449840545654297s
round3: 927 0.08328032493591309s
round4: 912 0.08394455909729004s
round5: 927 0.07987046241760254s
round6: 957 0.08008837699890137s
round7: 879 0.08127117156982422s
round8: 933 0.0824728012084961s
round9: 963 0.08971977233886719s
