round0: 144 0.01895594596862793s
round1: 135 0.01762843132019043s
round2: 135 0.018871068954467773s
round3: 138 0.018694400787353516s
round4: 132 0.01838088035583496s
round5: 126 0.016121625900268555s
round6: 129 0.019054412841796875s
round7: 129 0.01759934425354004s
round8: 135 0.018312692642211914s
round9: 135 0.01724863052368164s
