round0: 3 0.003626108169555664s
round1: 3 0.00562596321105957s
round2: 3 0.0064411163330078125s
round3: 3 0.006498098373413086s
round4: 3 0.006006002426147461s
round5: 3 0.0060842037200927734s
round6: 3 0.005571603775024414s
round7: 3 0.006066799163818359s
round8: 3 0.0065135955810546875s
round9: 3 0.006546735763549805s
