round0: 2841 0.1713123321533203s
round1: 2964 0.15867376327514648s
round2: 2928 0.16112136840820312s
round3: 2883 0.15806961059570312s
round4: 2886 0.14914727210998535s
round5: 2985 0.14426565170288086s
round6: 2892 0.1471855640411377s
round7: 2961 0.15092778205871582s
round8: 2898 0.1567368507385254s
round9: 2925 0.157440185546875s
