round0: 12 0.0030519962310791016s
round1: 12 0.0034067630767822266s
round2: 12 0.0034821033477783203s
round3: 12 0.003419637680053711s
round4: 12 0.0035305023193359375s
round5: 12 0.003540515899658203s
round6: 12 0.003476381301879883s
round7: 12 0.003448486328125s
round8: 12 0.003477334976196289s
round9: 12 0.004126787185668945s
