round0: 147 0.012274980545043945s
round1: 147 0.01667046546936035s
round2: 156 0.019579410552978516s
round3: 141 0.019704818725585938s
round4: 141 0.02018594741821289s
round5: 153 0.01772785186767578s
round6: 144 0.019321203231811523s
round7: 147 0.020944833755493164s
round8: 144 0.01992940902709961s
round9: 141 0.020207643508911133s
