round0: 150 0.019321918487548828s
round1: 138 0.018491744995117188s
round2: 144 0.018863916397094727s
round3: 156 0.020302295684814453s
round4: 135 0.020054340362548828s
round5: 144 0.022130489349365234s
round6: 135 0.019535064697265625s
round7: 141 0.02075505256652832s
round8: 138 0.01905035972595215s
round9: 138 0.02164626121520996s
