round0: 975 0.0906529426574707s
round1: 969 0.08716273307800293s
round2: 999 0.08958578109741211s
round3: 963 0.08232879638671875s
round4: 981 0.07590198516845703s
round5: 987 0.08465909957885742s
round6: 960 0.0855710506439209s
round7: 990 0.08695244789123535s
round8: 927 0.08894205093383789s
round9: 963 0.08954215049743652s
