round0: 942 0.08457231521606445s
round1: 921 0.08293414115905762s
round2: 960 0.08941340446472168s
round3: 912 0.08862113952636719s
round4: 909 0.09069228172302246s
round5: 942 0.08729195594787598s
round6: 891 0.0867457389831543s
round7: 942 0.08662080764770508s
round8: 915 0.0879049301147461s
round9: 912 0.0877082347869873s
