round0: 390 0.04646039009094238s
round1: 387 0.047502994537353516s
round2: 387 0.047986745834350586s
round3: 408 0.047437429428100586s
round4: 393 0.04895663261413574s
round5: 423 0.04892158508300781s
round6: 408 0.049628257751464844s
round7: 384 0.05020904541015625s
round8: 402 0.051720380783081055s
round9: 408 0.0455927848815918s
