round0: 111 0.019090890884399414s
round1: 123 0.017956018447875977s
round2: 120 0.01605391502380371s
round3: 120 0.017221450805664062s
round4: 114 0.01751565933227539s
round5: 120 0.01607990264892578s
round6: 120 0.01715254783630371s
round7: 120 0.016202449798583984s
round8: 123 0.01571488380432129s
round9: 114 0.017528772354125977s
