round0: 3075 0.18062376976013184s
round1: 3078 0.15826654434204102s
round2: 3090 0.14389944076538086s
round3: 3087 0.14249801635742188s
round4: 3066 0.1455070972442627s
round5: 3087 0.15229511260986328s
round6: 3102 0.15109634399414062s
round7: 3003 0.1458442211151123s
round8: 3060 0.14591407775878906s
round9: 2997 0.1476283073425293s
