round0: 129 0.018245458602905273s
round1: 117 0.018721342086791992s
round2: 135 0.02102208137512207s
round3: 132 0.0203855037689209s
round4: 129 0.019423484802246094s
round5: 132 0.018530845642089844s
round6: 135 0.018884897232055664s
round7: 138 0.0186617374420166s
round8: 129 0.016839265823364258s
round9: 132 0.016820192337036133s
