round0: 1743 0.13480687141418457s
round1: 1671 0.11348080635070801s
round2: 1698 0.10225486755371094s
round3: 1779 0.10277771949768066s
round4: 1773 0.10710477828979492s
round5: 1725 0.11309647560119629s
round6: 1782 0.10848331451416016s
round7: 1719 0.10333061218261719s
round8: 1791 0.10927033424377441s
round9: 1758 0.11500263214111328s
