round0: 1746 0.1262819766998291s
round1: 1824 0.12572097778320312s
round2: 1713 0.1210329532623291s
round3: 1791 0.12270641326904297s
round4: 1773 0.12190699577331543s
round5: 1758 0.11818122863769531s
round6: 1839 0.11318349838256836s
round7: 1776 0.12147188186645508s
round8: 1782 0.12212848663330078s
round9: 1791 0.1191411018371582s
