round0: 1773 0.12161135673522949s
round1: 1755 0.11781644821166992s
round2: 1740 0.12261319160461426s
round3: 1770 0.1186976432800293s
round4: 1737 0.12213945388793945s
round5: 1749 0.1215658187866211s
round6: 1755 0.11791253089904785s
round7: 1752 0.11164045333862305s
round8: 1800 0.11109375953674316s
round9: 1806 0.1199793815612793s
