round0: 6 0.004486560821533203s
round1: 6 0.0066378116607666016s
round2: 6 0.006861448287963867s
round3: 6 0.006794452667236328s
round4: 6 0.00676727294921875s
round5: 6 0.0042226314544677734s
round6: 6 0.004868745803833008s
round7: 6 0.00668787956237793s
round8: 6 0.0066680908203125s
round9: 6 0.006741762161254883s
