round0: 1734 0.12802958488464355s
round1: 1773 0.1182553768157959s
round2: 1749 0.11263108253479004s
round3: 1677 0.11398911476135254s
round4: 1767 0.12292599678039551s
round5: 1740 0.11249113082885742s
round6: 1761 0.11941814422607422s
round7: 1767 0.11508774757385254s
round8: 1776 0.11514091491699219s
round9: 1710 0.11596798896789551s
