round0: 975 0.0892794132232666s
round1: 984 0.06967425346374512s
round2: 960 0.07651162147521973s
round3: 975 0.08000683784484863s
round4: 972 0.08887505531311035s
round5: 948 0.08870387077331543s
round6: 960 0.09025263786315918s
round7: 969 0.08707213401794434s
round8: 966 0.09150195121765137s
round9: 975 0.08836793899536133s
