round0: 2931 0.17114901542663574s
round1: 3012 0.1597156524658203s
round2: 3000 0.15676641464233398s
round3: 2976 0.1462702751159668s
round4: 2886 0.14861679077148438s
round5: 3006 0.14533305168151855s
round6: 3027 0.1495671272277832s
round7: 2925 0.15204286575317383s
round8: 2946 0.15157747268676758s
round9: 2985 0.15030765533447266s
