round0: 6 0.006853818893432617s
round1: 6 0.0066661834716796875s
round2: 6 0.006267547607421875s
round3: 6 0.005924701690673828s
round4: 6 0.006771564483642578s
round5: 6 0.006753683090209961s
round6: 6 0.006699800491333008s
round7: 6 0.0066378116607666016s
round8: 6 0.006163597106933594s
round9: 6 0.0062847137451171875s
