round0: 126 0.01734328269958496s
round1: 117 0.016597986221313477s
round2: 111 0.016671180725097656s
round3: 120 0.017171144485473633s
round4: 123 0.01726508140563965s
round5: 123 0.017530441284179688s
round6: 114 0.018816709518432617s
round7: 123 0.01885199546813965s
round8: 126 0.017148971557617188s
round9: 123 0.018852949142456055s
