round0: 6 0.006730079650878906s
round1: 9 0.006842374801635742s
round2: 9 0.006720781326293945s
round3: 6 0.006219625473022461s
round4: 6 0.006323099136352539s
round5: 9 0.005845069885253906s
round6: 6 0.0058307647705078125s
round7: 9 0.005769252777099609s
round8: 6 0.00592041015625s
round9: 6 0.005554676055908203s
