round0: 1005 0.09325981140136719s
round1: 978 0.08835387229919434s
round2: 996 0.09050750732421875s
round3: 951 0.07689046859741211s
round4: 984 0.07671284675598145s
round5: 990 0.08400630950927734s
round6: 1026 0.08789229393005371s
round7: 987 0.08109784126281738s
round8: 993 0.0855855941772461s
round9: 1017 0.0872654914855957s
