round0: 3090 0.1562941074371338s
round1: 3009 0.15051889419555664s
round2: 3015 0.1517937183380127s
round3: 3033 0.1629626750946045s
round4: 2943 0.15984392166137695s
round5: 3021 0.1488509178161621s
round6: 3072 0.15570974349975586s
round7: 3063 0.16025876998901367s
round8: 3102 0.1634373664855957s
round9: 3027 0.15800094604492188s
