round0: 2904 0.17460870742797852s
round1: 3009 0.16358733177185059s
round2: 2970 0.15193581581115723s
round3: 2901 0.13451671600341797s
round4: 2925 0.14229273796081543s
round5: 3000 0.14617061614990234s
round6: 2961 0.14390182495117188s
round7: 2961 0.14790558815002441s
round8: 3018 0.15390872955322266s
round9: 2907 0.14449214935302734s
