round0: 2985 0.17836737632751465s
round1: 2775 0.15081381797790527s
round2: 2958 0.1504347324371338s
round3: 2955 0.13977408409118652s
round4: 2958 0.1461951732635498s
round5: 2970 0.1474161148071289s
round6: 3012 0.14844012260437012s
round7: 3006 0.1492936611175537s
round8: 3003 0.1501750946044922s
round9: 3015 0.14624977111816406s
