round0: 960 0.09316325187683105s
round1: 954 0.08742213249206543s
round2: 993 0.09481525421142578s
round3: 975 0.0936431884765625s
round4: 933 0.08826160430908203s
round5: 969 0.08956694602966309s
round6: 1005 0.08955502510070801s
round7: 981 0.0911245346069336s
round8: 969 0.09769701957702637s
round9: 981 0.08794999122619629s
