round0: 2940 0.19584870338439941s
round1: 2934 0.15153908729553223s
round2: 2913 0.15070462226867676s
round3: 2949 0.14130663871765137s
round4: 2862 0.1497187614440918s
round5: 2889 0.15147829055786133s
round6: 2934 0.15725064277648926s
round7: 2763 0.15609431266784668s
round8: 2847 0.15349268913269043s
round9: 2871 0.14933109283447266s
