round0: 150 0.01920032501220703s
round1: 156 0.01880049705505371s
round2: 141 0.02116703987121582s
round3: 153 0.022898435592651367s
round4: 138 0.022094011306762695s
round5: 147 0.022852659225463867s
round6: 144 0.02314019203186035s
round7: 156 0.02208733558654785s
round8: 144 0.02095794677734375s
round9: 144 0.01993560791015625s
