round0: 396 0.047360897064208984s
round1: 402 0.049147605895996094s
round2: 372 0.040344953536987305s
round3: 390 0.04387021064758301s
round4: 387 0.04849505424499512s
round5: 396 0.050087928771972656s
round6: 408 0.04116201400756836s
round7: 378 0.04731488227844238s
round8: 381 0.04634404182434082s
round9: 411 0.05421280860900879s
