round0: 1692 0.12730693817138672s
round1: 1710 0.1215059757232666s
round2: 1776 0.1209409236907959s
round3: 1767 0.11836528778076172s
round4: 1782 0.1058037281036377s
round5: 1770 0.10817217826843262s
round6: 1698 0.10752367973327637s
round7: 1782 0.1164693832397461s
round8: 1779 0.11992621421813965s
round9: 1773 0.12927746772766113s
