round0: 954 0.07948946952819824s
round1: 1014 0.08478736877441406s
round2: 984 0.08058571815490723s
round3: 951 0.08564615249633789s
round4: 999 0.08912873268127441s
round5: 1014 0.08658027648925781s
round6: 999 0.08652806282043457s
round7: 945 0.08709120750427246s
round8: 969 0.08629226684570312s
round9: 1005 0.09052491188049316s
