round0: 399 0.04643654823303223s
round1: 393 0.05097675323486328s
round2: 396 0.04877114295959473s
round3: 366 0.04491376876831055s
round4: 381 0.05014228820800781s
round5: 378 0.0401308536529541s
round6: 399 0.04766130447387695s
round7: 390 0.04682040214538574s
round8: 417 0.04595685005187988s
round9: 390 0.04711103439331055s
