round0: 102 0.013317584991455078s
round1: 102 0.015519380569458008s
round2: 99 0.015355110168457031s
round3: 102 0.01543283462524414s
round4: 102 0.014179468154907227s
round5: 111 0.016088008880615234s
round6: 96 0.015660762786865234s
round7: 102 0.016213655471801758s
round8: 93 0.015149354934692383s
round9: 105 0.015247106552124023s
