round0: 378 0.035796403884887695s
round1: 363 0.04413485527038574s
round2: 360 0.044251441955566406s
round3: 381 0.04064130783081055s
round4: 372 0.03825998306274414s
round5: 393 0.03783893585205078s
round6: 372 0.04506945610046387s
round7: 360 0.04007601737976074s
round8: 381 0.047374725341796875s
round9: 357 0.04857897758483887s
