round0: 12 0.0038721561431884766s
round1: 9 0.0037009716033935547s
round2: 9 0.0037374496459960938s
round3: 9 0.003750324249267578s
round4: 9 0.0038001537322998047s
round5: 9 0.005387544631958008s
round6: 9 0.006878852844238281s
round7: 9 0.006715297698974609s
round8: 12 0.00692296028137207s
round9: 9 0.006953716278076172s
