round0: 339 0.03655052185058594s
round1: 348 0.040177345275878906s
round2: 348 0.04073047637939453s
round3: 342 0.04289054870605469s
round4: 369 0.038266658782958984s
round5: 378 0.04215502738952637s
round6: 333 0.04309344291687012s
round7: 366 0.0409398078918457s
round8: 360 0.04330110549926758s
round9: 354 0.03850531578063965s
