round0: 1035 0.07827949523925781s
round1: 1053 0.0868842601776123s
round2: 1017 0.08992266654968262s
round3: 1002 0.09499239921569824s
round4: 1032 0.09615063667297363s
round5: 1041 0.0937657356262207s
round6: 1020 0.08721733093261719s
round7: 1002 0.09319257736206055s
round8: 1029 0.0880272388458252s
round9: 1035 0.09159564971923828s
