round0: 966 0.0895853042602539s
round1: 960 0.0682528018951416s
round2: 972 0.07627487182617188s
round3: 954 0.08419942855834961s
round4: 972 0.07619619369506836s
round5: 879 0.07828688621520996s
round6: 975 0.08964681625366211s
round7: 966 0.0899209976196289s
round8: 957 0.0890970230102539s
round9: 951 0.08988595008850098s
