round0: 2973 0.17017054557800293s
round1: 2985 0.14650535583496094s
round2: 2994 0.1495378017425537s
round3: 3009 0.14675140380859375s
round4: 2973 0.1500563621520996s
round5: 2967 0.1466376781463623s
round6: 2982 0.14618992805480957s
round7: 2994 0.14681100845336914s
round8: 2952 0.15113067626953125s
round9: 2976 0.15525412559509277s
