round0: 3021 0.15137386322021484s
round1: 2946 0.15510964393615723s
round2: 2994 0.1445448398590088s
round3: 2952 0.15359926223754883s
round4: 2973 0.15136981010437012s
round5: 3078 0.15723466873168945s
round6: 2940 0.15125131607055664s
round7: 2958 0.14961647987365723s
round8: 2934 0.1452956199645996s
round9: 2970 0.1423046588897705s
