round0: 336 0.03995466232299805s
round1: 318 0.044249534606933594s
round2: 348 0.046988725662231445s
round3: 354 0.04718756675720215s
round4: 348 0.047685861587524414s
round5: 351 0.04864335060119629s
round6: 348 0.04589033126831055s
round7: 354 0.04656577110290527s
round8: 348 0.04760241508483887s
round9: 342 0.04006528854370117s
