round0: 9 0.0033979415893554688s
round1: 9 0.003295421600341797s
round2: 9 0.0033185482025146484s
round3: 9 0.003496885299682617s
round4: 9 0.0034601688385009766s
round5: 9 0.003447294235229492s
round6: 9 0.0033385753631591797s
round7: 9 0.003412961959838867s
round8: 9 0.003432750701904297s
round9: 9 0.0033528804779052734s
