round0: 144 0.01445913314819336s
round1: 135 0.017927885055541992s
round2: 144 0.021945714950561523s
round3: 141 0.021576642990112305s
round4: 144 0.01968097686767578s
round5: 138 0.022331714630126953s
round6: 141 0.01987600326538086s
round7: 138 0.02034783363342285s
round8: 147 0.02083277702331543s
round9: 144 0.01925063133239746s
