round0: 1776 0.13229107856750488s
round1: 1752 0.12124848365783691s
round2: 1746 0.1158895492553711s
round3: 1701 0.11202359199523926s
round4: 1737 0.11952018737792969s
round5: 1659 0.11717557907104492s
round6: 1719 0.11812186241149902s
round7: 1752 0.11807441711425781s
round8: 1734 0.12047886848449707s
round9: 1725 0.12080001831054688s
