round0: 1683 0.11609959602355957s
round1: 1596 0.10956692695617676s
round2: 1695 0.1048588752746582s
round3: 1644 0.11116933822631836s
round4: 1695 0.11001253128051758s
round5: 1734 0.11280703544616699s
round6: 1698 0.1128079891204834s
round7: 1692 0.1124124526977539s
round8: 1707 0.1154627799987793s
round9: 1641 0.11239361763000488s
