round0: 393 0.03219199180603027s
round1: 372 0.03838467597961426s
round2: 372 0.039502620697021484s
round3: 381 0.03863644599914551s
round4: 378 0.04019427299499512s
round5: 378 0.04329872131347656s
round6: 390 0.03865480422973633s
round7: 351 0.03812432289123535s
round8: 369 0.03786897659301758s
round9: 369 0.041591644287109375s
