round0: 1683 0.12586474418640137s
round1: 1662 0.12238073348999023s
round2: 1644 0.11556529998779297s
round3: 1725 0.12040328979492188s
round4: 1740 0.11074662208557129s
round5: 1764 0.10861992835998535s
round6: 1740 0.11216402053833008s
round7: 1605 0.10505437850952148s
round8: 1662 0.10325908660888672s
round9: 1764 0.11126494407653809s
