round0: 9 0.002876758575439453s
round1: 9 0.003881692886352539s
round2: 9 0.003971099853515625s
round3: 9 0.004020214080810547s
round4: 9 0.005465984344482422s
round5: 9 0.006879568099975586s
round6: 9 0.006822109222412109s
round7: 9 0.00691986083984375s
round8: 9 0.006928205490112305s
round9: 9 0.006878852844238281s
