round0: 6 0.003525257110595703s
round1: 6 0.004416227340698242s
round2: 6 0.006623506546020508s
round3: 6 0.006668806076049805s
round4: 6 0.0066068172454833984s
round5: 6 0.0064160823822021484s
round6: 6 0.006590366363525391s
round7: 6 0.006510257720947266s
round8: 6 0.006100177764892578s
round9: 6 0.0058901309967041016s
