round0: 1716 0.09480524063110352s
round1: 1707 0.10375380516052246s
round2: 1767 0.10579514503479004s
round3: 1689 0.1060934066772461s
round4: 1677 0.10755586624145508s
round5: 1734 0.11194729804992676s
round6: 1785 0.1034543514251709s
round7: 1779 0.1078786849975586s
round8: 1710 0.11634039878845215s
round9: 1710 0.12282061576843262s
