round0: 2982 0.15242838859558105s
round1: 2988 0.14905405044555664s
round2: 3027 0.1585850715637207s
round3: 3027 0.1585073471069336s
round4: 3039 0.1544656753540039s
round5: 2949 0.1452491283416748s
round6: 3000 0.15546584129333496s
round7: 2976 0.15216064453125s
round8: 3015 0.15594244003295898s
round9: 2973 0.15533971786499023s
