round0: 351 0.04819607734680176s
round1: 381 0.04864215850830078s
round2: 366 0.04602670669555664s
round3: 348 0.03542208671569824s
round4: 378 0.046939849853515625s
round5: 387 0.04774141311645508s
round6: 360 0.04278564453125s
round7: 387 0.04814338684082031s
round8: 354 0.04738616943359375s
round9: 396 0.050395965576171875s
