round0: 375 0.04777979850769043s
round1: 381 0.04714035987854004s
round2: 393 0.0525212287902832s
round3: 396 0.05259442329406738s
round4: 393 0.052161455154418945s
round5: 381 0.05200552940368652s
round6: 387 0.051421403884887695s
round7: 375 0.0489346981048584s
round8: 390 0.0455622673034668s
round9: 384 0.049015045166015625s
