round0: 363 0.0452733039855957s
round1: 363 0.04284310340881348s
round2: 360 0.04657721519470215s
round3: 378 0.0453035831451416s
round4: 384 0.045087575912475586s
round5: 372 0.0476531982421875s
round6: 363 0.04734659194946289s
round7: 372 0.047150373458862305s
round8: 375 0.041649818420410156s
round9: 345 0.04440712928771973s
