round0: 1737 0.12180113792419434s
round1: 1692 0.1212608814239502s
round2: 1707 0.12370491027832031s
round3: 1773 0.12554502487182617s
round4: 1719 0.12450385093688965s
round5: 1779 0.12462544441223145s
round6: 1785 0.11224198341369629s
round7: 1746 0.10788965225219727s
round8: 1797 0.11475539207458496s
round9: 1776 0.1166689395904541s
