round0: 6 0.0029456615447998047s
round1: 6 0.003057241439819336s
round2: 6 0.003076314926147461s
round3: 6 0.0031816959381103516s
round4: 6 0.003244638442993164s
round5: 6 0.003154754638671875s
round6: 6 0.003216981887817383s
round7: 9 0.0032744407653808594s
round8: 9 0.0032944679260253906s
round9: 6 0.0041103363037109375s
