round0: 2919 0.15459799766540527s
round1: 3051 0.17661190032958984s
round2: 3078 0.15603041648864746s
round3: 3012 0.1713099479675293s
round4: 2949 0.17585468292236328s
round5: 3084 0.15803790092468262s
round6: 3171 0.1737961769104004s
round7: 3171 0.17912697792053223s
round8: 3006 0.17272067070007324s
round9: 3123 0.1578381061553955s
