round0: 3 0.01683330535888672s
round1: 3 0.016585826873779297s
round2: 3 0.016658544540405273s
round3: 3 0.016490936279296875s
round4: 3 0.016550064086914062s
round5: 3 0.016748428344726562s
round6: 3 0.01662468910217285s
round7: 3 0.01644611358642578s
round8: 3 0.016623258590698242s
round9: 3 0.01727890968322754s
