round0: 9 0.017093658447265625s
round1: 12 0.01703190803527832s
round2: 12 0.016716480255126953s
round3: 12 0.01688551902770996s
round4: 12 0.016326427459716797s
round5: 12 0.016800403594970703s
round6: 12 0.01641988754272461s
round7: 12 0.016391277313232422s
round8: 12 0.016437292098999023s
round9: 12 0.016385555267333984s
