round0: 6 0.015681028366088867s
round1: 9 0.01344752311706543s
round2: 9 0.01349329948425293s
round3: 6 0.013402462005615234s
round4: 6 0.013701200485229492s
round5: 6 0.013676643371582031s
round6: 9 0.013720989227294922s
round7: 9 0.013533830642700195s
round8: 9 0.013765335083007812s
round9: 9 0.013714313507080078s
