round0: 123 0.027009248733520508s
round1: 123 0.023233413696289062s
round2: 132 0.022372007369995117s
round3: 123 0.02221369743347168s
round4: 123 0.023454666137695312s
round5: 117 0.025072574615478516s
round6: 126 0.02764415740966797s
round7: 120 0.028296709060668945s
round8: 123 0.02718186378479004s
round9: 126 0.024863719940185547s
