round0: 1077 0.0682828426361084s
round1: 1101 0.07553887367248535s
round2: 1092 0.08041119575500488s
round3: 1119 0.07979011535644531s
round4: 1071 0.07763481140136719s
round5: 1071 0.07759928703308105s
round6: 1029 0.1351919174194336s
round7: 1101 0.07956147193908691s
round8: 1113 0.08059072494506836s
round9: 1146 0.0793602466583252s
