round0: 2997 0.16117358207702637s
round1: 2961 0.15470576286315918s
round2: 2943 0.1498405933380127s
round3: 3033 0.17296886444091797s
round4: 3129 0.18320798873901367s
round5: 3060 0.1557605266571045s
round6: 3042 0.17278623580932617s
round7: 3099 0.1794571876525879s
round8: 3021 0.15804815292358398s
round9: 3114 0.1747894287109375s
