round0: 1827 0.11254024505615234s
round1: 1851 0.12181591987609863s
round2: 1836 0.11974930763244629s
round3: 1845 0.1172950267791748s
round4: 1914 0.12201833724975586s
round5: 1866 0.1185300350189209s
round6: 1878 0.11816835403442383s
round7: 1863 0.11926579475402832s
round8: 1848 0.12067627906799316s
round9: 1830 0.09700942039489746s
