round0: 1011 0.07927608489990234s
round1: 993 0.0683755874633789s
round2: 990 0.06771516799926758s
round3: 963 0.0741429328918457s
round4: 1008 0.07700300216674805s
round5: 1023 0.07715058326721191s
round6: 1026 0.07508730888366699s
round7: 999 0.07457280158996582s
round8: 948 0.07177495956420898s
round9: 975 0.06575417518615723s
