round0: 972 0.07893800735473633s
round1: 969 0.07061886787414551s
round2: 1044 0.06645846366882324s
round3: 990 0.06614279747009277s
round4: 981 0.06667351722717285s
round5: 996 0.06552004814147949s
round6: 999 0.06595849990844727s
round7: 1014 0.065521240234375s
round8: 1002 0.07426071166992188s
round9: 1032 0.07620882987976074s
