round0: 12 0.019023656845092773s
round1: 12 0.016484737396240234s
round2: 12 0.016566753387451172s
round3: 12 0.017273902893066406s
round4: 12 0.017492055892944336s
round5: 12 0.017251968383789062s
round6: 12 0.016675233840942383s
round7: 12 0.016409873962402344s
round8: 12 0.01671290397644043s
round9: 12 0.017229318618774414s
