round0: 1761 0.10290980339050293s
round1: 1809 0.1044151782989502s
round2: 1839 0.09917187690734863s
round3: 1797 0.0987238883972168s
round4: 1869 0.09975075721740723s
round5: 1740 0.09736204147338867s
round6: 1848 0.09891200065612793s
round7: 1713 0.10086798667907715s
round8: 1794 0.10159707069396973s
round9: 1854 0.10045838356018066s
