round0: 6 0.017152786254882812s
round1: 6 0.016500473022460938s
round2: 6 0.0171205997467041s
round3: 6 0.01677989959716797s
round4: 6 0.016455650329589844s
round5: 6 0.017400026321411133s
round6: 6 0.01631617546081543s
round7: 6 0.01655888557434082s
round8: 6 0.016564607620239258s
round9: 6 0.016227245330810547s
