round0: 1854 0.10677385330200195s
round1: 1857 0.11575675010681152s
round2: 1914 0.11829495429992676s
round3: 1785 0.12100362777709961s
round4: 1956 0.1210641860961914s
round5: 1773 0.11582565307617188s
round6: 1794 0.11775088310241699s
round7: 1875 0.12232208251953125s
round8: 1839 0.11637496948242188s
round9: 1854 0.12336921691894531s
