round0: 12 0.016371726989746094s
round1: 9 0.0167238712310791s
round2: 12 0.017244577407836914s
round3: 12 0.01665806770324707s
round4: 12 0.01650261878967285s
round5: 12 0.016406536102294922s
round6: 12 0.018030881881713867s
round7: 9 0.016409635543823242s
round8: 6 0.016649484634399414s
round9: 6 0.013632774353027344s
