round0: 2967 0.17792296409606934s
round1: 3087 0.15629863739013672s
round2: 3069 0.15338611602783203s
round3: 3048 0.15355968475341797s
round4: 3117 0.1540215015411377s
round5: 3159 0.1587069034576416s
round6: 3024 0.1557326316833496s
round7: 3174 0.1535322666168213s
round8: 3111 0.1562330722808838s
round9: 3123 0.15874981880187988s
