round0: 3285 0.16301608085632324s
round1: 3096 0.15681695938110352s
round2: 3276 0.15652751922607422s
round3: 3174 0.15921592712402344s
round4: 3057 0.15894198417663574s
round5: 3156 0.17621469497680664s
round6: 3045 0.16304755210876465s
round7: 3081 0.1716597080230713s
round8: 3273 0.18513202667236328s
round9: 3360 0.16057038307189941s
