round0: 156 0.0285186767578125s
round1: 156 0.02781200408935547s
round2: 144 0.025020122528076172s
round3: 144 0.025750398635864258s
round4: 156 0.027686595916748047s
round5: 153 0.025936365127563477s
round6: 144 0.025192975997924805s
round7: 159 0.0277101993560791s
round8: 147 0.02756953239440918s
round9: 159 0.02808403968811035s
