round0: 147 0.02761554718017578s
round1: 138 0.027439117431640625s
round2: 138 0.026750564575195312s
round3: 144 0.022604703903198242s
round4: 141 0.022795438766479492s
round5: 150 0.022975444793701172s
round6: 138 0.022856473922729492s
round7: 135 0.024372100830078125s
round8: 138 0.022742271423339844s
round9: 150 0.02311849594116211s
