round0: 9 0.018457651138305664s
round1: 9 0.016825437545776367s
round2: 9 0.01659107208251953s
round3: 9 0.01652669906616211s
round4: 9 0.01669621467590332s
round5: 9 0.017495155334472656s
round6: 9 0.016118288040161133s
round7: 9 0.013602972030639648s
round8: 12 0.013624429702758789s
round9: 9 0.013455629348754883s
