round0: 144 0.027483701705932617s
round1: 150 0.027477264404296875s
round2: 138 0.027280569076538086s
round3: 135 0.02695488929748535s
round4: 150 0.02791881561279297s
round5: 138 0.026767492294311523s
round6: 141 0.02872490882873535s
round7: 144 0.026920318603515625s
round8: 144 0.028050661087036133s
round9: 141 0.027077674865722656s
