round0: 6 0.014592170715332031s
round1: 9 0.014461755752563477s
round2: 9 0.01362752914428711s
round3: 6 0.013562679290771484s
round4: 9 0.013673067092895508s
round5: 6 0.013936519622802734s
round6: 6 0.014746904373168945s
round7: 6 0.016439437866210938s
round8: 6 0.016329050064086914s
round9: 6 0.016435623168945312s
