round0: 156 0.02810359001159668s
round1: 147 0.027646541595458984s
round2: 150 0.028413057327270508s
round3: 147 0.027742862701416016s
round4: 135 0.02716517448425293s
round5: 150 0.02817845344543457s
round6: 144 0.02780747413635254s
round7: 147 0.027196407318115234s
round8: 144 0.028150081634521484s
round9: 162 0.02802586555480957s
