round0: 105 0.010637521743774414s
round1: 111 0.009899139404296875s
round2: 108 0.010694503784179688s
round3: 99 0.01029348373413086s
round4: 114 0.00957632064819336s
round5: 105 0.008364439010620117s
round6: 105 0.008787870407104492s
round7: 105 0.008712053298950195s
round8: 117 0.008266687393188477s
round9: 105 0.009318351745605469s
