round0: 21 0.006570100784301758s
round1: 9 0.005181550979614258s
round2: 3 0.005247592926025391s
round3: 6 0.0051801204681396484s
round4: 3 0.0050694942474365234s
round5: 6 0.005219936370849609s
round6: 6 0.005179643630981445s
round7: 6 0.005085468292236328s
round8: 9 0.005177497863769531s
round9: 3 0.005378246307373047s
