round0: 45192 1.4198617935180664s
round1: 45933 1.3817534446716309s
round2: 45468 1.398139476776123s
round3: 46185 1.3944087028503418s
round4: 48111 1.4286346435546875s
round5: 46434 1.4742975234985352s
round6: 45480 1.4179832935333252s
round7: 44133 1.351832628250122s
round8: 45756 1.439518928527832s
round9: 46464 1.510758638381958s
