round0: 387 0.027205467224121094s
round1: 438 0.01665019989013672s
round2: 372 0.01572275161743164s
round3: 405 0.016547441482543945s
round4: 423 0.016465187072753906s
round5: 402 0.01624774932861328s
round6: 411 0.017989635467529297s
round7: 399 0.01819133758544922s
round8: 387 0.017508983612060547s
round9: 402 0.017194032669067383s
