round0: 21 0.006967782974243164s
round1: 21 0.007396221160888672s
round2: 21 0.0076825618743896484s
round3: 24 0.0070455074310302734s
round4: 24 0.006894588470458984s
round5: 24 0.007075786590576172s
round6: 24 0.007013082504272461s
round7: 21 0.007205486297607422s
round8: 27 0.00715327262878418s
round9: 21 0.007119894027709961s
