round0: 171 0.01119685173034668s
round1: 165 0.028620004653930664s
round2: 165 0.012049436569213867s
round3: 141 0.012189149856567383s
round4: 159 0.012834310531616211s
round5: 147 0.011194467544555664s
round6: 180 0.011165857315063477s
round7: 162 0.011544466018676758s
round8: 156 0.011277198791503906s
round9: 156 0.011367321014404297s
