round0: 315 0.01660323143005371s
round1: 306 0.013796567916870117s
round2: 309 0.014261245727539062s
round3: 297 0.015836000442504883s
round4: 273 0.014503955841064453s
round5: 273 0.012780427932739258s
round6: 279 0.0129547119140625s
round7: 267 0.012815475463867188s
round8: 267 0.012802600860595703s
round9: 273 0.01244974136352539s
