round0: 3 0.00641322135925293s
round1: 0 0.0072667598724365234s
round2: 3 0.00638127326965332s
round3: 6 0.006376981735229492s
round4: 6 0.0063745975494384766s
round5: 6 0.006621837615966797s
round6: 6 0.0064923763275146484s
round7: 6 0.006282329559326172s
round8: 6 0.006350040435791016s
round9: 6 0.006484270095825195s
