round0: 3 0.010399818420410156s
round1: 9 0.005763053894042969s
round2: 3 0.005707979202270508s
round3: 3 0.005560636520385742s
round4: 0 0.0054018497467041016s
round5: 3 0.005880832672119141s
round6: 3 0.006831169128417969s
round7: 3 0.006387472152709961s
round8: 0 0.0053861141204833984s
round9: 3 0.005366325378417969s
