round0: 2499 0.11107301712036133s
round1: 2511 0.10864830017089844s
round2: 2529 0.10638618469238281s
round3: 2508 0.1081552505493164s
round4: 2502 0.10503268241882324s
round5: 2478 0.11152815818786621s
round6: 2469 0.10872626304626465s
round7: 2508 0.11036157608032227s
round8: 2502 0.1100928783416748s
round9: 2502 0.11027812957763672s
