round0: 13611 0.45375752449035645s
round1: 13455 0.4190785884857178s
round2: 13443 0.42096734046936035s
round3: 13545 0.4130971431732178s
round4: 13686 0.416928768157959s
round5: 13467 0.4144022464752197s
round6: 13431 0.4141373634338379s
round7: 13506 0.4462313652038574s
round8: 13473 0.4239497184753418s
round9: 13521 0.4197354316711426s
