round0: 4377 0.17457079887390137s
round1: 4293 0.17688989639282227s
round2: 4419 0.15236330032348633s
round3: 4368 0.15461969375610352s
round4: 4401 0.15914535522460938s
round5: 4365 0.16162896156311035s
round6: 4404 0.15817809104919434s
round7: 4401 0.17572498321533203s
round8: 4416 0.18121743202209473s
round9: 4398 0.1758120059967041s
