round0: 12 0.014329910278320312s
round1: 6 0.013754606246948242s
round2: 0 0.013705730438232422s
round3: 15 0.014139652252197266s
round4: 0 0.013596057891845703s
round5: 12 0.014191865921020508s
round6: 15 0.014806509017944336s
round7: 15 0.01327204704284668s
round8: 0 0.013381242752075195s
round9: 21 0.01474761962890625s
