round0: 0 0.015772104263305664s
round1: 15 0.016429901123046875s
round2: 15 0.014560461044311523s
round3: 15 0.017139911651611328s
round4: 0 0.014487743377685547s
round5: 15 0.016369104385375977s
round6: 0 0.01538395881652832s
round7: 0 0.016150951385498047s
round8: 0 0.016350984573364258s
round9: 0 0.015006780624389648s
