round0: 0 0.02001023292541504s
round1: 0 0.010780572891235352s
round2: 0 0.011208295822143555s
round3: 12 0.011336565017700195s
round4: 15 0.010431766510009766s
round5: 0 0.011042118072509766s
round6: 6 0.010341167449951172s
round7: 6 0.03686189651489258s
round8: 0 0.010788917541503906s
round9: 0 0.011668682098388672s
