round0: 57 0.011888742446899414s
round1: 63 0.011311769485473633s
round2: 57 0.01108860969543457s
round3: 48 0.011149883270263672s
round4: 63 0.01135706901550293s
round5: 66 0.011533737182617188s
round6: 60 0.011396408081054688s
round7: 63 0.010905265808105469s
round8: 60 0.010998964309692383s
round9: 69 0.010950088500976562s
