round0: 2367 0.09259366989135742s
round1: 2337 0.09303402900695801s
round2: 2340 0.08928322792053223s
round3: 2379 0.08968377113342285s
round4: 2367 0.08672332763671875s
round5: 2322 0.10279965400695801s
round6: 2379 0.10419750213623047s
round7: 2331 0.10092306137084961s
round8: 2352 0.10408496856689453s
round9: 2373 0.1040947437286377s
