round0: 240 0.016025304794311523s
round1: 246 0.01680445671081543s
round2: 240 0.018253326416015625s
round3: 240 0.04137730598449707s
round4: 225 0.01944899559020996s
round5: 243 0.020183563232421875s
round6: 252 0.019652366638183594s
round7: 237 0.017325878143310547s
round8: 231 0.016199111938476562s
round9: 249 0.01634669303894043s
