round0: 7368 0.28412485122680664s
round1: 7362 0.28250837326049805s
round2: 7413 0.2819325923919678s
round3: 7347 0.24753451347351074s
round4: 7413 0.25026369094848633s
round5: 7359 0.2519855499267578s
round6: 7350 0.2546861171722412s
round7: 7281 0.24083423614501953s
round8: 7341 0.24027538299560547s
round9: 7416 0.2443068027496338s
