round0: 5394 0.19117379188537598s
round1: 5409 0.18163084983825684s
round2: 5385 0.20194530487060547s
round3: 5415 0.2178971767425537s
round4: 5400 0.21692824363708496s
round5: 5385 0.20517253875732422s
round6: 5427 0.18577003479003906s
round7: 5412 0.1807558536529541s
round8: 5442 0.19621539115905762s
round9: 5400 0.19788861274719238s
