round0: 39 0.010972023010253906s
round1: 45 0.008194684982299805s
round2: 39 0.008593320846557617s
round3: 39 0.009433746337890625s
round4: 36 0.009219169616699219s
round5: 39 0.008630752563476562s
round6: 33 0.00786280632019043s
round7: 39 0.00776982307434082s
round8: 39 0.008345365524291992s
round9: 48 0.009432315826416016s
