round0: 21 0.00699305534362793s
round1: 21 0.007528781890869141s
round2: 21 0.007897138595581055s
round3: 21 0.007436275482177734s
round4: 21 0.008497238159179688s
round5: 21 0.007660865783691406s
round6: 21 0.006596088409423828s
round7: 21 0.006356477737426758s
round8: 21 0.006288290023803711s
round9: 21 0.0064432621002197266s
