round0: 15 0.006571292877197266s
round1: 9 0.0060939788818359375s
round2: 15 0.006157636642456055s
round3: 12 0.006104707717895508s
round4: 12 0.006063938140869141s
round5: 9 0.006056308746337891s
round6: 18 0.006360530853271484s
round7: 12 0.0059816837310791016s
round8: 9 0.006125211715698242s
round9: 3 0.00632786750793457s
