round0: 0 0.011472702026367188s
round1: 3 0.00585174560546875s
round2: 3 0.005597829818725586s
round3: 3 0.00564122200012207s
round4: 3 0.005528688430786133s
round5: 3 0.005590915679931641s
round6: 0 0.005232095718383789s
round7: 0 0.012709617614746094s
round8: 0 0.0053822994232177734s
round9: 3 0.005621671676635742s
