round0: 138 0.013403177261352539s
round1: 132 0.014749765396118164s
round2: 147 0.012532949447631836s
round3: 147 0.013534307479858398s
round4: 132 0.013065338134765625s
round5: 126 0.0127410888671875s
round6: 114 0.012325286865234375s
round7: 141 0.01205301284790039s
round8: 150 0.011890888214111328s
round9: 150 0.012771844863891602s
