round0: 90 0.012267351150512695s
round1: 96 0.012272119522094727s
round2: 102 0.014380216598510742s
round3: 81 0.012159109115600586s
round4: 120 0.012692689895629883s
round5: 84 0.01150202751159668s
round6: 99 0.01244807243347168s
round7: 102 0.013074874877929688s
round8: 96 0.01222991943359375s
round9: 111 0.012774229049682617s
