round0: 327 0.019879579544067383s
round1: 315 0.020817995071411133s
round2: 303 0.0207211971282959s
round3: 315 0.02118206024169922s
round4: 315 0.02141880989074707s
round5: 312 0.02205657958984375s
round6: 333 0.022485971450805664s
round7: 321 0.021115779876708984s
round8: 339 0.02230525016784668s
round9: 312 0.022749662399291992s
