round0: 3123 0.11531972885131836s
round1: 3303 0.11195659637451172s
round2: 3045 0.10723614692687988s
round3: 2994 0.10751485824584961s
round4: 3135 0.10690689086914062s
round5: 3276 0.11309933662414551s
round6: 3036 0.1047661304473877s
round7: 3042 0.11159110069274902s
round8: 3084 0.10860824584960938s
round9: 2736 0.10860228538513184s
