round0: 1722 0.0651402473449707s
round1: 1728 0.06308436393737793s
round2: 1677 0.06354284286499023s
round3: 1803 0.06723642349243164s
round4: 1689 0.06395602226257324s
round5: 1803 0.06951761245727539s
round6: 1677 0.06482648849487305s
round7: 1740 0.06537866592407227s
round8: 1611 0.0546422004699707s
round9: 1626 0.05402064323425293s
