round0: 675 0.030641555786132812s
round1: 687 0.031858205795288086s
round2: 675 0.0317988395690918s
round3: 630 0.04254627227783203s
round4: 603 0.030945301055908203s
round5: 672 0.03231954574584961s
round6: 693 0.03332233428955078s
round7: 642 0.029392480850219727s
round8: 639 0.03184819221496582s
round9: 585 0.02978682518005371s
