round0: 111 0.01321268081665039s
round1: 117 0.014469385147094727s
round2: 105 0.014969825744628906s
round3: 99 0.016877174377441406s
round4: 108 0.015513896942138672s
round5: 105 0.014992952346801758s
round6: 108 0.01352691650390625s
round7: 108 0.013472318649291992s
round8: 111 0.01316690444946289s
round9: 126 0.013146400451660156s
