round0: 213 0.014326095581054688s
round1: 171 0.013477563858032227s
round2: 186 0.013709068298339844s
round3: 192 0.012989521026611328s
round4: 213 0.012022018432617188s
round5: 189 0.012361526489257812s
round6: 174 0.013467073440551758s
round7: 189 0.014650344848632812s
round8: 189 0.013744115829467773s
round9: 189 0.013688802719116211s
