round0: 63 0.010709524154663086s
round1: 57 0.01046299934387207s
round2: 63 0.010428905487060547s
round3: 63 0.010454893112182617s
round4: 69 0.010641098022460938s
round5: 66 0.010660171508789062s
round6: 57 0.010472536087036133s
round7: 57 0.010626077651977539s
round8: 63 0.013605594635009766s
round9: 66 0.010822534561157227s
