round0: 39 0.010732650756835938s
round1: 39 0.010305404663085938s
round2: 39 0.010257720947265625s
round3: 39 0.009998083114624023s
round4: 39 0.010003805160522461s
round5: 39 0.010112762451171875s
round6: 39 0.010234355926513672s
round7: 39 0.01002359390258789s
round8: 39 0.010493993759155273s
round9: 39 0.009961605072021484s
