round0: 252 0.017933130264282227s
round1: 234 0.015249252319335938s
round2: 234 0.016155004501342773s
round3: 249 0.016455888748168945s
round4: 198 0.015817880630493164s
round5: 222 0.01569366455078125s
round6: 159 0.014661073684692383s
round7: 207 0.014385700225830078s
round8: 228 0.013497352600097656s
round9: 189 0.0159146785736084s
