round0: 105 0.01338815689086914s
round1: 96 0.013028383255004883s
round2: 120 0.013543367385864258s
round3: 105 0.01327657699584961s
round4: 102 0.015814781188964844s
round5: 105 0.013235807418823242s
round6: 99 0.01320028305053711s
round7: 99 0.013061285018920898s
round8: 96 0.013120412826538086s
round9: 123 0.013674497604370117s
