round0: 48 0.008952856063842773s
round1: 51 0.008977890014648438s
round2: 48 0.009741067886352539s
round3: 36 0.010721921920776367s
round4: 51 0.011068105697631836s
round5: 57 0.01039886474609375s
round6: 42 0.011693954467773438s
round7: 54 0.010456323623657227s
round8: 48 0.010442256927490234s
round9: 54 0.010823965072631836s
