round0: 42912 1.4798133373260498s
round1: 42120 1.372955083847046s
round2: 41460 1.3204214572906494s
round3: 42033 1.4963839054107666s
round4: 41190 1.4017903804779053s
round5: 44853 1.4308972358703613s
round6: 43290 1.545341968536377s
round7: 40443 1.472707986831665s
round8: 41805 1.3521463871002197s
round9: 41430 1.394975185394287s
