round0: 390 0.02121448516845703s
round1: 405 0.020355939865112305s
round2: 381 0.020342350006103516s
round3: 393 0.020279645919799805s
round4: 405 0.020822763442993164s
round5: 384 0.020330190658569336s
round6: 399 0.021445274353027344s
round7: 420 0.02260613441467285s
round8: 423 0.02189469337463379s
round9: 360 0.020860671997070312s
