round0: 390 0.023967504501342773s
round1: 393 0.023533344268798828s
round2: 381 0.024738550186157227s
round3: 390 0.022020578384399414s
round4: 435 0.021805286407470703s
round5: 375 0.023155927658081055s
round6: 387 0.0252535343170166s
round7: 408 0.024403095245361328s
round8: 375 0.023669958114624023s
round9: 357 0.02216792106628418s
