round0: 21 0.010185956954956055s
round1: 21 0.010966777801513672s
round2: 30 0.010349750518798828s
round3: 21 0.009969472885131836s
round4: 24 0.010020017623901367s
round5: 21 0.010006189346313477s
round6: 30 0.010395288467407227s
round7: 21 0.01016998291015625s
round8: 21 0.010158300399780273s
round9: 21 0.010251522064208984s
