round0: 744 0.030716896057128906s
round1: 744 0.029863595962524414s
round2: 795 0.029695749282836914s
round3: 759 0.029841899871826172s
round4: 750 0.030484437942504883s
round5: 702 0.03252434730529785s
round6: 795 0.032938241958618164s
round7: 771 0.03510713577270508s
round8: 705 0.03581881523132324s
round9: 738 0.034576416015625s
