round0: 3150 0.11697793006896973s
round1: 3309 0.11787629127502441s
round2: 3123 0.11691546440124512s
round3: 3312 0.11846327781677246s
round4: 3438 0.11658024787902832s
round5: 3231 0.1181640625s
round6: 3360 0.11845803260803223s
round7: 3309 0.11478066444396973s
round8: 3462 0.1156003475189209s
round9: 3507 0.12781119346618652s
