round0: 153 0.013667583465576172s
round1: 141 0.013552188873291016s
round2: 141 0.013527393341064453s
round3: 144 0.013532876968383789s
round4: 144 0.01504969596862793s
round5: 141 0.012974262237548828s
round6: 144 0.013148307800292969s
round7: 129 0.013656854629516602s
round8: 165 0.014155387878417969s
round9: 180 0.014159440994262695s
