round0: 5313 0.19017982482910156s
round1: 5682 0.17751336097717285s
round2: 5154 0.1752147674560547s
round3: 5418 0.18150091171264648s
round4: 5514 0.17995834350585938s
round5: 5172 0.1729907989501953s
round6: 5061 0.182966947555542s
round7: 5523 0.19039297103881836s
round8: 5487 0.18503403663635254s
round9: 5631 0.18485641479492188s
