round0: 6105 0.18834352493286133s
round1: 6756 0.19225597381591797s
round2: 6348 0.20238995552062988s
round3: 6693 0.21246838569641113s
round4: 6360 0.20281076431274414s
round5: 6660 0.21663498878479004s
round6: 6321 0.19750213623046875s
round7: 6192 0.20757579803466797s
round8: 6024 0.20040512084960938s
round9: 6039 0.1944715976715088s
