round0: 279 0.01846766471862793s
round1: 255 0.018655061721801758s
round2: 294 0.02116107940673828s
round3: 300 0.0190427303314209s
round4: 282 0.018839597702026367s
round5: 282 0.018700361251831055s
round6: 288 0.019474506378173828s
round7: 303 0.019408702850341797s
round8: 270 0.019434452056884766s
round9: 294 0.020212411880493164s
