round0: 6093 0.17572712898254395s
round1: 5517 0.16648554801940918s
round2: 5994 0.1698603630065918s
round3: 6123 0.16880297660827637s
round4: 5652 0.15666556358337402s
round5: 5577 0.16048574447631836s
round6: 6144 0.1738905906677246s
round7: 5367 0.15133380889892578s
round8: 5988 0.16818642616271973s
round9: 5619 0.17978739738464355s
