round0: 144 0.011975288391113281s
round1: 153 0.011890888214111328s
round2: 174 0.02030158042907715s
round3: 168 0.014767646789550781s
round4: 147 0.013781309127807617s
round5: 153 0.013530254364013672s
round6: 168 0.014096975326538086s
round7: 171 0.013820886611938477s
round8: 171 0.014398574829101562s
round9: 141 0.014221906661987305s
