round0: 1989 0.058930397033691406s
round1: 2034 0.06339335441589355s
round2: 2016 0.060472965240478516s
round3: 2016 0.1031036376953125s
round4: 2046 0.06641435623168945s
round5: 2079 0.06322503089904785s
round6: 1866 0.05974316596984863s
round7: 2118 0.06171822547912598s
round8: 2091 0.06463789939880371s
round9: 2088 0.06219673156738281s
