round0: 20199 0.731215238571167s
round1: 19086 0.6656343936920166s
round2: 18921 0.620281457901001s
round3: 20376 0.6620924472808838s
round4: 19155 0.5742971897125244s
round5: 19269 0.6062841415405273s
round6: 20907 0.6261208057403564s
round7: 19680 0.6505534648895264s
round8: 19410 0.590043306350708s
round9: 20517 0.6330103874206543s
