round0: 9 0.009413480758666992s
round1: 3 0.009850502014160156s
round2: 9 0.01035308837890625s
round3: 9 0.00957345962524414s
round4: 6 0.009459733963012695s
round5: 0 0.008914470672607422s
round6: 9 0.009212493896484375s
round7: 9 0.009458780288696289s
round8: 9 0.009549617767333984s
round9: 9 0.009773969650268555s
