round0: 69 0.011774063110351562s
round1: 51 0.01231074333190918s
round2: 39 0.010933160781860352s
round3: 48 0.011064767837524414s
round4: 45 0.011441469192504883s
round5: 48 0.011240959167480469s
round6: 51 0.011431694030761719s
round7: 51 0.011254310607910156s
round8: 48 0.01146554946899414s
round9: 51 0.011311054229736328s
