round0: 102 0.012690544128417969s
round1: 210 0.017227649688720703s
round2: 150 0.01533198356628418s
round3: 231 0.016058921813964844s
round4: 189 0.015355348587036133s
round5: 228 0.016237258911132812s
round6: 222 0.01612377166748047s
round7: 213 0.015618085861206055s
round8: 180 0.016663312911987305s
round9: 198 0.016066551208496094s
