round0: 126 0.013877153396606445s
round1: 99 0.013226747512817383s
round2: 54 0.012454509735107422s
round3: 114 0.01293182373046875s
round4: 123 0.012825965881347656s
round5: 123 0.013180255889892578s
round6: 54 0.011968851089477539s
round7: 114 0.013387441635131836s
round8: 117 0.014189481735229492s
round9: 120 0.013157844543457031s
