round0: 9 0.0131988525390625s
round1: 9 0.03071761131286621s
round2: 12 0.013750314712524414s
round3: 12 0.01278996467590332s
round4: 12 0.01263880729675293s
round5: 12 0.07389593124389648s
round6: 12 0.013405084609985352s
round7: 12 0.012599706649780273s
round8: 9 0.012629270553588867s
round9: 12 0.013001680374145508s
