round0: 3144 0.14022016525268555s
round1: 3180 0.12999486923217773s
round2: 3258 0.1302182674407959s
round3: 3132 0.12847304344177246s
round4: 3132 0.12672019004821777s
round5: 3279 0.11843061447143555s
round6: 3204 0.11736798286437988s
round7: 3111 0.11552190780639648s
round8: 3264 0.12228250503540039s
round9: 3126 0.12099528312683105s
