round0: 5169 0.18351101875305176s
round1: 5028 0.18109512329101562s
round2: 5133 0.17765259742736816s
round3: 5151 0.2007443904876709s
round4: 5160 0.1974189281463623s
round5: 5151 0.20118474960327148s
round6: 5184 0.20199084281921387s
round7: 5181 0.2010948657989502s
round8: 5163 0.20511603355407715s
round9: 5163 0.19957780838012695s
