round0: 0 0.021070003509521484s
round1: 0 0.020412683486938477s
round2: 0 0.02108311653137207s
round3: 0 0.021912336349487305s
round4: 0 0.02093029022216797s
round5: 0 0.020837068557739258s
round6: 0 0.020946502685546875s
round7: 0 0.021221160888671875s
round8: 0 0.020493745803833008s
round9: 0 0.020369529724121094s
