round0: 0 0.019419431686401367s
round1: 0 0.020809650421142578s
round2: 0 0.018299341201782227s
round3: 0 0.018484830856323242s
round4: 0 0.018305063247680664s
round5: 0 0.01810431480407715s
round6: 0 0.020113229751586914s
round7: 0 0.015131950378417969s
round8: 0 0.01535797119140625s
round9: 0 0.016753673553466797s
