round0: 0 0.03275918960571289s
round1: 0 0.014265775680541992s
round2: 0 0.0163424015045166s
round3: 0 0.016286611557006836s
round4: 0 0.015723705291748047s
round5: 0 0.0166013240814209s
round6: 0 0.015616893768310547s
round7: 0 0.015810251235961914s
round8: 0 0.016109228134155273s
round9: 0 0.01635265350341797s
