round0: 582 0.03579974174499512s
round1: 570 0.03895068168640137s
round2: 576 0.03670501708984375s
round3: 576 0.03419828414916992s
round4: 561 0.03882193565368652s
round5: 582 0.040018558502197266s
round6: 567 0.038114070892333984s
round7: 579 0.0338902473449707s
round8: 564 0.03552579879760742s
round9: 594 0.03820061683654785s
