round0: 120 0.017560958862304688s
round1: 102 0.01634693145751953s
round2: 105 0.01623249053955078s
round3: 99 0.01674962043762207s
round4: 123 0.016842365264892578s
round5: 111 0.01629471778869629s
round6: 123 0.016859054565429688s
round7: 111 0.016725778579711914s
round8: 123 0.01724076271057129s
round9: 114 0.016928911209106445s
