round0: 2949 0.10755324363708496s
round1: 2901 0.10573863983154297s
round2: 2892 0.10894560813903809s
round3: 2847 0.10649514198303223s
round4: 2874 0.1077275276184082s
round5: 2775 0.10570645332336426s
round6: 2856 0.10903477668762207s
round7: 2883 0.1098775863647461s
round8: 2847 0.11016845703125s
round9: 2889 0.10981535911560059s
