round0: 4890 0.1611034870147705s
round1: 4797 0.16608905792236328s
round2: 4827 0.15933609008789062s
round3: 4908 0.16333723068237305s
round4: 4809 0.16450834274291992s
round5: 4872 0.15362000465393066s
round6: 4983 0.16384053230285645s
round7: 4788 0.1706221103668213s
round8: 4611 0.16923260688781738s
round9: 4935 0.16673922538757324s
