round0: 13026 0.4277935028076172s
round1: 12993 0.3904533386230469s
round2: 12975 0.40866971015930176s
round3: 12939 0.36942362785339355s
round4: 12990 0.39988136291503906s
round5: 12963 0.389237642288208s
round6: 12828 0.424593448638916s
round7: 12924 0.3896636962890625s
round8: 12972 0.38301944732666016s
round9: 13032 0.3766779899597168s
