round0: 309 0.022025108337402344s
round1: 306 0.02219390869140625s
round2: 312 0.02844548225402832s
round3: 312 0.02685713768005371s
round4: 297 0.026395082473754883s
round5: 291 0.02693939208984375s
round6: 291 0.02720475196838379s
round7: 282 0.026367664337158203s
round8: 312 0.025684595108032227s
round9: 306 0.022356271743774414s
