round0: 9414 0.29349279403686523s
round1: 9147 0.28082942962646484s
round2: 9099 0.28426170349121094s
round3: 9453 0.2819828987121582s
round4: 9468 0.2802901268005371s
round5: 9042 0.2842428684234619s
round6: 9027 0.27991461753845215s
round7: 9027 0.2763035297393799s
round8: 9042 0.26963210105895996s
round9: 9105 0.26900482177734375s
