round0: 33153 1.0737981796264648s
round1: 33126 0.9847946166992188s
round2: 33024 0.9657471179962158s
round3: 33093 0.9718959331512451s
round4: 33054 0.9550526142120361s
round5: 33003 0.9190545082092285s
round6: 33114 0.9555032253265381s
round7: 33075 1.0387065410614014s
round8: 33033 0.9438831806182861s
round9: 32877 0.9204380512237549s
