round0: 2823 0.09306025505065918s
round1: 2838 0.11030340194702148s
round2: 2835 0.10857295989990234s
round3: 2826 0.10418343544006348s
round4: 2778 0.125352144241333s
round5: 2748 0.10350298881530762s
round6: 2778 0.09859871864318848s
round7: 2784 0.10841536521911621s
round8: 2787 0.10167431831359863s
round9: 2736 0.10170245170593262s
