round0: 621 0.03344392776489258s
round1: 618 0.03384995460510254s
round2: 648 0.03750944137573242s
round3: 624 0.03612256050109863s
round4: 600 0.03834390640258789s
round5: 612 0.031897544860839844s
round6: 567 0.0393671989440918s
round7: 588 0.035974740982055664s
round8: 630 0.036833763122558594s
round9: 627 0.04036092758178711s
