round0: 5124 0.15343165397644043s
round1: 5199 0.16106700897216797s
round2: 4650 0.18578433990478516s
round3: 4764 0.18814897537231445s
round4: 4923 0.1871967315673828s
round5: 4815 0.18192696571350098s
round6: 5235 0.18897175788879395s
round7: 5160 0.17013859748840332s
round8: 5097 0.17381930351257324s
round9: 5100 0.1672976016998291s
