round0: 2916 0.12192893028259277s
round1: 3225 0.13152766227722168s
round2: 3021 0.12702560424804688s
round3: 3162 0.11320805549621582s
round4: 3057 0.10731625556945801s
round5: 3000 0.11536288261413574s
round6: 3258 0.1262516975402832s
round7: 3057 0.1281733512878418s
round8: 3093 0.12368607521057129s
round9: 3195 0.1236417293548584s
