round0: 18 0.01569986343383789s
round1: 18 0.015172243118286133s
round2: 18 0.015313863754272461s
round3: 18 0.015357255935668945s
round4: 18 0.015755176544189453s
round5: 18 0.015123844146728516s
round6: 18 0.015240192413330078s
round7: 18 0.015073299407958984s
round8: 18 0.0157928466796875s
round9: 18 0.014925241470336914s
