round0: 120 0.019334077835083008s
round1: 120 0.018229007720947266s
round2: 120 0.01842498779296875s
round3: 120 0.018666744232177734s
round4: 120 0.019031047821044922s
round5: 120 0.018099546432495117s
round6: 120 0.01811051368713379s
round7: 120 0.018040895462036133s
round8: 120 0.0189971923828125s
round9: 120 0.018608570098876953s
