round0: 51 0.014327526092529297s
round1: 51 0.01384282112121582s
round2: 51 0.013962745666503906s
round3: 51 0.013451337814331055s
round4: 51 0.013909339904785156s
round5: 51 0.013749837875366211s
round6: 51 0.0136566162109375s
round7: 45 0.01377248764038086s
round8: 51 0.05236673355102539s
round9: 51 0.01723313331604004s
