round0: 0 0.01790928840637207s
round1: 0 0.017821311950683594s
round2: 0 0.017684221267700195s
round3: 0 0.017310619354248047s
round4: 0 0.017294645309448242s
round5: 0 0.01740884780883789s
round6: 0 0.018071889877319336s
round7: 0 0.017627716064453125s
round8: 0 0.0171358585357666s
round9: 0 0.01710200309753418s
