round0: 0 0.016000747680664062s
round1: 0 0.014978647232055664s
round2: 0 0.016226768493652344s
round3: 0 0.01481175422668457s
round4: 0 0.01699352264404297s
round5: 0 0.0164029598236084s
round6: 0 0.01689934730529785s
round7: 0 0.01593923568725586s
round8: 0 0.05276226997375488s
round9: 0 0.015069961547851562s
