round0: 0 0.014519453048706055s
round1: 0 0.011464357376098633s
round2: 0 0.011341333389282227s
round3: 0 0.011340618133544922s
round4: 0 0.011590719223022461s
round5: 0 0.011860370635986328s
round6: 0 0.013703346252441406s
round7: 0 0.013380289077758789s
round8: 0 0.012303590774536133s
round9: 0 0.01232147216796875s
