round0: 0 0.016157865524291992s
round1: 0 0.01563739776611328s
round2: 0 0.016129016876220703s
round3: 0 0.015822649002075195s
round4: 0 0.015988588333129883s
round5: 0 0.013449668884277344s
round6: 0 0.013015270233154297s
round7: 0 0.013034343719482422s
round8: 0 0.014089345932006836s
round9: 0 0.015325546264648438s
