round0: 621 0.0430445671081543s
round1: 684 0.04278731346130371s
round2: 699 0.04390764236450195s
round3: 696 0.042443037033081055s
round4: 657 0.043897390365600586s
round5: 735 0.043065786361694336s
round6: 699 0.043187618255615234s
round7: 714 0.04341769218444824s
round8: 732 0.04392218589782715s
round9: 717 0.04316902160644531s
