round0: 84 0.022456884384155273s
round1: 72 0.01884174346923828s
round2: 66 0.0183713436126709s
round3: 84 0.017778396606445312s
round4: 78 0.017392873764038086s
round5: 75 0.018166542053222656s
round6: 96 0.018624544143676758s
round7: 75 0.018622398376464844s
round8: 69 0.018697261810302734s
round9: 90 0.01766681671142578s
