round0: 48 0.01839923858642578s
round1: 45 0.017185688018798828s
round2: 45 0.017283201217651367s
round3: 42 0.017238378524780273s
round4: 51 0.017271757125854492s
round5: 48 0.01662158966064453s
round6: 45 0.016644001007080078s
round7: 45 0.016916990280151367s
round8: 45 0.016997098922729492s
round9: 45 0.01724839210510254s
