round0: 237 0.03832364082336426s
round1: 255 0.02388477325439453s
round2: 261 0.023869991302490234s
round3: 234 0.021093130111694336s
round4: 225 0.0230104923248291s
round5: 222 0.024017333984375s
round6: 237 0.02313518524169922s
round7: 267 0.022350311279296875s
round8: 225 0.0246884822845459s
round9: 225 0.023195505142211914s
