round0: 21 0.013244152069091797s
round1: 21 0.012438774108886719s
round2: 21 0.01868152618408203s
round3: 21 0.012971878051757812s
round4: 21 0.012865304946899414s
round5: 21 0.012767791748046875s
round6: 12 0.012870311737060547s
round7: 21 0.012691736221313477s
round8: 21 0.012802362442016602s
round9: 21 0.012753963470458984s
