round0: 42222 1.4724950790405273s
round1: 42426 1.5070929527282715s
round2: 42111 1.4034473896026611s
round3: 46782 1.5183050632476807s
round4: 43125 1.4570515155792236s
round5: 41934 1.5191535949707031s
round6: 40038 1.5113322734832764s
round7: 42399 1.515061378479004s
round8: 40215 1.3869729042053223s
round9: 41583 1.463768482208252s
