round0: 30 0.015854358673095703s
round1: 27 0.01626896858215332s
round2: 33 0.01653885841369629s
round3: 30 0.0161898136138916s
round4: 30 0.016229867935180664s
round5: 27 0.01636648178100586s
round6: 24 0.01651597023010254s
round7: 30 0.016118288040161133s
round8: 21 0.01614975929260254s
round9: 21 0.01594853401184082s
