round0: 123 0.019684314727783203s
round1: 153 0.020568132400512695s
round2: 144 0.021087169647216797s
round3: 147 0.020454883575439453s
round4: 150 0.02072429656982422s
round5: 147 0.02092576026916504s
round6: 153 0.025606632232666016s
round7: 129 0.020504236221313477s
round8: 150 0.02090930938720703s
round9: 156 0.022465944290161133s
