round0: 792 0.04134178161621094s
round1: 756 0.04350399971008301s
round2: 732 0.04279017448425293s
round3: 762 0.04046034812927246s
round4: 726 0.041749000549316406s
round5: 774 0.04281044006347656s
round6: 741 0.04300403594970703s
round7: 765 0.04253792762756348s
round8: 765 0.0413210391998291s
round9: 762 0.04104971885681152s
