round0: 4884 0.1914048194885254s
round1: 5082 0.1914691925048828s
round2: 5340 0.19790172576904297s
round3: 4998 0.19123101234436035s
round4: 5223 0.20085549354553223s
round5: 5346 0.18901586532592773s
round6: 5067 0.19399785995483398s
round7: 5229 0.18609261512756348s
round8: 5544 0.21158981323242188s
round9: 4905 0.19912004470825195s
