round0: 23175 0.7485983371734619s
round1: 24123 0.6965866088867188s
round2: 22173 0.6711125373840332s
round3: 22995 0.6780037879943848s
round4: 22701 0.6619865894317627s
round5: 22236 0.6666827201843262s
round6: 23127 0.6746029853820801s
round7: 22719 0.662259578704834s
round8: 21063 0.6057138442993164s
round9: 23670 0.6771862506866455s
