round0: 3168 0.13412141799926758s
round1: 3432 0.13408803939819336s
round2: 3348 0.12855839729309082s
round3: 3192 0.13445568084716797s
round4: 3282 0.13496661186218262s
round5: 3531 0.1435692310333252s
round6: 3213 0.12617778778076172s
round7: 3354 0.13452720642089844s
round8: 3114 0.1298542022705078s
round9: 3357 0.13370513916015625s
