round0: 1899 0.07771658897399902s
round1: 1884 0.07589936256408691s
round2: 1866 0.08043932914733887s
round3: 1656 0.07631111145019531s
round4: 1626 0.07661819458007812s
round5: 1833 0.08147597312927246s
round6: 1824 0.08057975769042969s
round7: 1791 0.07806968688964844s
round8: 1770 0.07537627220153809s
round9: 1866 0.07851648330688477s
