round0: 22626 0.7363684177398682s
round1: 20514 0.5980348587036133s
round2: 20835 0.6361443996429443s
round3: 24222 0.6650867462158203s
round4: 22665 0.6726150512695312s
round5: 22254 0.634329080581665s
round6: 22125 0.6406164169311523s
round7: 22320 0.6541862487792969s
round8: 24786 0.6683464050292969s
round9: 24138 0.6570141315460205s
