round0: 3198 0.13589763641357422s
round1: 3273 0.12705731391906738s
round2: 3294 0.13316679000854492s
round3: 3021 0.12737059593200684s
round4: 3162 0.1333625316619873s
round5: 3183 0.1319897174835205s
round6: 3204 0.12971758842468262s
round7: 3477 0.1351783275604248s
round8: 3321 0.13317084312438965s
round9: 3522 0.13318634033203125s
