round0: 264 0.026019573211669922s
round1: 276 0.025370121002197266s
round2: 264 0.025914430618286133s
round3: 258 0.024497509002685547s
round4: 267 0.024641752243041992s
round5: 270 0.023285865783691406s
round6: 264 0.02507925033569336s
round7: 246 0.024747371673583984s
round8: 270 0.02617621421813965s
round9: 267 0.025335311889648438s
