round0: 29640 1.1178224086761475s
round1: 29853 1.0901768207550049s
round2: 40863 1.2453031539916992s
round3: 38397 1.132716178894043s
round4: 41955 1.226123332977295s
round5: 30012 1.0641388893127441s
round6: 39423 1.2126214504241943s
round7: 44310 1.3170225620269775s
round8: 41343 1.2159576416015625s
round9: 40665 1.2378852367401123s
