round0: 9573 0.2997009754180908s
round1: 9327 0.29503655433654785s
round2: 7578 0.25826048851013184s
round3: 8931 0.31273365020751953s
round4: 9906 0.31313323974609375s
round5: 9903 0.30736374855041504s
round6: 9828 0.3266291618347168s
round7: 8259 0.30188655853271484s
round8: 10305 0.3421761989593506s
round9: 9207 0.320615291595459s
