round0: 2565 0.12193775177001953s
round1: 2622 0.1268143653869629s
round2: 2556 0.1294252872467041s
round3: 2571 0.1276843547821045s
round4: 2571 0.1270771026611328s
round5: 2583 0.11994290351867676s
round6: 2568 0.12526941299438477s
round7: 2559 0.1241605281829834s
round8: 2556 0.1213371753692627s
round9: 2565 0.10995697975158691s
