round0: 150 0.020053863525390625s
round1: 141 0.019898414611816406s
round2: 135 0.053975582122802734s
round3: 126 0.01784038543701172s
round4: 141 0.016960620880126953s
round5: 111 0.01650261878967285s
round6: 135 0.01755690574645996s
round7: 126 0.016926050186157227s
round8: 141 0.01905059814453125s
round9: 132 0.019222259521484375s
