round0: 25320 0.7842779159545898s
round1: 24408 0.6811110973358154s
round2: 24387 0.6926753520965576s
round3: 23727 0.6802232265472412s
round4: 25014 0.6702754497528076s
round5: 23838 0.6843948364257812s
round6: 23778 0.7157857418060303s
round7: 25224 0.6761655807495117s
round8: 24738 0.6922388076782227s
round9: 25170 0.690706729888916s
