round0: 2007 0.06970882415771484s
round1: 2064 0.07064223289489746s
round2: 2052 0.07341670989990234s
round3: 2079 0.07109308242797852s
round4: 1857 0.0686497688293457s
round5: 1971 0.07252717018127441s
round6: 2037 0.08281588554382324s
round7: 2052 0.08258652687072754s
round8: 2010 0.08002376556396484s
round9: 1839 0.0783076286315918s
