round0: 5685 0.20358061790466309s
round1: 5964 0.20417070388793945s
round2: 5811 0.20593881607055664s
round3: 5832 0.21302533149719238s
round4: 5685 0.20092082023620605s
round5: 5946 0.1945631504058838s
round6: 5697 0.2086806297302246s
round7: 5841 0.2000727653503418s
round8: 5994 0.2093820571899414s
round9: 5835 0.20081877708435059s
