round0: 162 0.020630836486816406s
round1: 141 0.01981639862060547s
round2: 162 0.03858757019042969s
round3: 159 0.021167993545532227s
round4: 132 0.02120804786682129s
round5: 153 0.020551204681396484s
round6: 150 0.02106928825378418s
round7: 150 0.020669221878051758s
round8: 162 0.0207521915435791s
round9: 171 0.021305561065673828s
