round0: 951 0.04745173454284668s
round1: 864 0.044640541076660156s
round2: 882 0.04642796516418457s
round3: 792 0.0437924861907959s
round4: 834 0.043462276458740234s
round5: 846 0.04314279556274414s
round6: 876 0.045642852783203125s
round7: 882 0.04656982421875s
round8: 831 0.044411659240722656s
round9: 762 0.04315543174743652s
