round0: 23799 0.742027759552002s
round1: 24228 0.666478157043457s
round2: 24732 0.6525695323944092s
round3: 24837 0.7260870933532715s
round4: 24486 0.6796972751617432s
round5: 23421 0.6367008686065674s
round6: 25572 0.6601788997650146s
round7: 23994 0.6311154365539551s
round8: 24432 0.6642296314239502s
round9: 25461 0.6517775058746338s
