round0: 0 0.015814542770385742s
round1: 0 0.015195846557617188s
round2: 0 0.015031099319458008s
round3: 0 0.014909029006958008s
round4: 0 0.015318870544433594s
round5: 0 0.014920711517333984s
round6: 0 0.014936685562133789s
round7: 0 0.015166282653808594s
round8: 0 0.015430688858032227s
round9: 0 0.015210628509521484s
