round0: 0 0.018714427947998047s
round1: 0 0.018131732940673828s
round2: 0 0.01820826530456543s
round3: 0 0.01796102523803711s
round4: 0 0.018491268157958984s
round5: 0 0.017745256423950195s
round6: 0 0.017821788787841797s
round7: 0 0.017661333084106445s
round8: 0 0.01837921142578125s
round9: 0 0.0179898738861084s
