round0: 0 0.03275752067565918s
round1: 0 0.03177237510681152s
round2: 0 0.03270363807678223s
round3: 0 0.03282308578491211s
round4: 0 0.03202557563781738s
round5: 0 0.03060746192932129s
round6: 0 0.031180381774902344s
round7: 0 0.03313922882080078s
round8: 0 0.03322911262512207s
round9: 0 0.031404972076416016s
