round0: 0 0.01672959327697754s
round1: 0 0.016827106475830078s
round2: 0 0.01855158805847168s
round3: 0 0.016432762145996094s
round4: 0 0.01669454574584961s
round5: 0 0.01647472381591797s
round6: 0 0.0168917179107666s
round7: 0 0.01637578010559082s
round8: 0 0.015934228897094727s
round9: 0 0.016649246215820312s
