round0: 2589 0.1368694305419922s
round1: 2649 0.13104033470153809s
round2: 2520 0.12058329582214355s
round3: 2499 0.12226486206054688s
round4: 2373 0.11385869979858398s
round5: 2481 0.11711549758911133s
round6: 2445 0.10957741737365723s
round7: 2517 0.10193824768066406s
round8: 2460 0.11096429824829102s
round9: 2517 0.11214804649353027s
