round0: 45 0.03456258773803711s
round1: 30 0.03618979454040527s
round2: 39 0.03439927101135254s
round3: 24 0.034004926681518555s
round4: 42 0.03465390205383301s
round5: 63 0.03441786766052246s
round6: 42 0.03432321548461914s
round7: 63 0.03445553779602051s
round8: 51 0.0343625545501709s
round9: 51 0.0378108024597168s
