round0: 252 0.033609628677368164s
round1: 249 0.046825408935546875s
round2: 183 0.04411029815673828s
round3: 258 0.04579782485961914s
round4: 270 0.04465532302856445s
round5: 240 0.04941987991333008s
round6: 258 0.04651212692260742s
round7: 240 0.0452876091003418s
round8: 291 0.046654701232910156s
round9: 264 0.0466611385345459s
