round0: 1455 0.08659625053405762s
round1: 1434 0.1019747257232666s
round2: 1374 0.09872651100158691s
round3: 1569 0.09575438499450684s
round4: 1299 0.083526611328125s
round5: 1332 0.09697079658508301s
round6: 1374 0.08707785606384277s
round7: 1407 0.08715319633483887s
round8: 1455 0.08920884132385254s
round9: 1395 0.08577108383178711s
