round0: 3615 0.1705014705657959s
round1: 3654 0.15780305862426758s
round2: 3639 0.16022539138793945s
round3: 3903 0.16299200057983398s
round4: 4044 0.15313076972961426s
round5: 4050 0.15862345695495605s
round6: 3285 0.15194106101989746s
round7: 3657 0.14627909660339355s
round8: 4335 0.1676619052886963s
round9: 3807 0.15303254127502441s
