round0: 2568 0.13889670372009277s
round1: 2481 0.12383365631103516s
round2: 2307 0.1105642318725586s
round3: 2529 0.115570068359375s
round4: 2490 0.11485528945922852s
round5: 2481 0.1131131649017334s
round6: 2466 0.11106181144714355s
round7: 2244 0.1145477294921875s
round8: 2097 0.11440062522888184s
round9: 2367 0.11551594734191895s
