round0: 1542 0.08278822898864746s
round1: 1626 0.08663034439086914s
round2: 1551 0.08766436576843262s
round3: 1590 0.09859800338745117s
round4: 1479 0.08613061904907227s
round5: 1518 0.08779668807983398s
round6: 1746 0.09077620506286621s
round7: 1488 0.08244967460632324s
round8: 1626 0.08989095687866211s
round9: 1689 0.09124517440795898s
