round0: 519 0.061810970306396484s
round1: 501 0.056630611419677734s
round2: 525 0.05756020545959473s
round3: 573 0.0523223876953125s
round4: 549 0.05180096626281738s
round5: 567 0.05135798454284668s
round6: 585 0.05651450157165527s
round7: 552 0.051077842712402344s
round8: 510 0.04448246955871582s
round9: 591 0.04810166358947754s
