round0: 492 0.038567304611206055s
round1: 384 0.04915189743041992s
round2: 489 0.052767276763916016s
round3: 357 0.04629230499267578s
round4: 423 0.04465913772583008s
round5: 384 0.04957318305969238s
round6: 435 0.05066680908203125s
round7: 423 0.05027484893798828s
round8: 378 0.051535844802856445s
round9: 396 0.053986310958862305s
