round0: 174 0.03367924690246582s
round1: 177 0.033559560775756836s
round2: 168 0.033777713775634766s
round3: 165 0.03765583038330078s
round4: 195 0.03458595275878906s
round5: 189 0.03452038764953613s
round6: 183 0.03542470932006836s
round7: 165 0.0333859920501709s
round8: 186 0.03430294990539551s
round9: 189 0.0340731143951416s
