round0: 2217 0.11130523681640625s
round1: 2118 0.09711766242980957s
round2: 2136 0.08596420288085938s
round3: 2214 0.08848738670349121s
round4: 2115 0.08637309074401855s
round5: 2169 0.08648800849914551s
round6: 2199 0.08488297462463379s
round7: 2187 0.08720922470092773s
round8: 2181 0.08769798278808594s
round9: 2181 0.08986997604370117s
