round0: 723 0.06048893928527832s
round1: 765 0.06356072425842285s
round2: 723 0.05007433891296387s
round3: 753 0.05268692970275879s
round4: 792 0.050626516342163086s
round5: 759 0.04727482795715332s
round6: 693 0.04557013511657715s
round7: 771 0.0483088493347168s
round8: 732 0.05287432670593262s
round9: 729 0.05176377296447754s
