round0: 882 0.06896257400512695s
round1: 1005 0.07094383239746094s
round2: 708 0.0717923641204834s
round3: 939 0.06203198432922363s
round4: 747 0.07649111747741699s
round5: 972 0.07187294960021973s
round6: 936 0.07783746719360352s
round7: 861 0.062355756759643555s
round8: 507 0.056817054748535156s
round9: 939 0.08544802665710449s
