round0: 540 0.050008535385131836s
round1: 537 0.05332517623901367s
round2: 483 0.05209684371948242s
round3: 519 0.048546552658081055s
round4: 528 0.05193281173706055s
round5: 519 0.05190324783325195s
round6: 543 0.0534975528717041s
round7: 552 0.05087614059448242s
round8: 549 0.05504965782165527s
round9: 486 0.05713677406311035s
