round0: 840 0.04770016670227051s
round1: 789 0.05764484405517578s
round2: 828 0.06297183036804199s
round3: 846 0.06084728240966797s
round4: 762 0.0613405704498291s
round5: 828 0.05999183654785156s
round6: 819 0.05350136756896973s
round7: 762 0.05870676040649414s
round8: 813 0.06257152557373047s
round9: 789 0.06339788436889648s
