round0: 3579 0.16991734504699707s
round1: 3615 0.15336084365844727s
round2: 3450 0.12906718254089355s
round3: 3537 0.13512206077575684s
round4: 3696 0.13498830795288086s
round5: 3576 0.13904523849487305s
round6: 3537 0.13407635688781738s
round7: 3654 0.1446361541748047s
round8: 3477 0.13053011894226074s
round9: 3654 0.12814927101135254s
