round0: 726 0.05840563774108887s
round1: 714 0.06607174873352051s
round2: 696 0.061562538146972656s
round3: 687 0.05899834632873535s
round4: 690 0.0604863166809082s
round5: 732 0.05774855613708496s
round6: 702 0.05672931671142578s
round7: 816 0.06388378143310547s
round8: 732 0.056153297424316406s
round9: 543 0.05984067916870117s
