round0: 891 0.06674075126647949s
round1: 894 0.06319236755371094s
round2: 849 0.06061697006225586s
round3: 870 0.05813026428222656s
round4: 858 0.059638023376464844s
round5: 852 0.060027122497558594s
round6: 858 0.05746269226074219s
round7: 861 0.055753469467163086s
round8: 819 0.0545656681060791s
round9: 885 0.05890774726867676s
