round0: 588 0.03319835662841797s
round1: 615 0.04141831398010254s
round2: 567 0.04506707191467285s
round3: 603 0.05071210861206055s
round4: 600 0.0612642765045166s
round5: 618 0.05791068077087402s
round6: 567 0.05686831474304199s
round7: 528 0.05661463737487793s
round8: 585 0.05662417411804199s
round9: 567 0.05254340171813965s
