round0: 696 0.04447746276855469s
round1: 678 0.05776357650756836s
round2: 678 0.05440664291381836s
round3: 657 0.05341029167175293s
round4: 690 0.051264047622680664s
round5: 720 0.04817056655883789s
round6: 708 0.05037951469421387s
round7: 705 0.047525882720947266s
round8: 690 0.051430463790893555s
round9: 675 0.0512692928314209s
