round0: 2796 0.13067626953125s
round1: 2685 0.11052513122558594s
round2: 2763 0.10337591171264648s
round3: 2772 0.10393571853637695s
round4: 2676 0.10421562194824219s
round5: 2574 0.09694743156433105s
round6: 2733 0.1042487621307373s
round7: 2721 0.10960507392883301s
round8: 2682 0.10742402076721191s
round9: 2682 0.09854006767272949s
