round0: 1770 0.0921180248260498s
round1: 1878 0.08385992050170898s
round2: 1866 0.08068370819091797s
round3: 1860 0.0771794319152832s
round4: 1965 0.08059144020080566s
round5: 1758 0.07464957237243652s
round6: 1779 0.07752418518066406s
round7: 1866 0.07681608200073242s
round8: 1914 0.08250594139099121s
round9: 1797 0.0754086971282959s
