round0: 1353 0.09821963310241699s
round1: 1449 0.09072232246398926s
round2: 1323 0.07170319557189941s
round3: 1356 0.07774233818054199s
round4: 1320 0.07608509063720703s
round5: 1407 0.0754702091217041s
round6: 1353 0.0663900375366211s
round7: 1278 0.06521272659301758s
round8: 1419 0.08083271980285645s
round9: 1296 0.07188749313354492s
