round0: 426 0.025009632110595703s
round1: 435 0.029318571090698242s
round2: 408 0.03476381301879883s
round3: 420 0.040541648864746094s
round4: 387 0.04114675521850586s
round5: 471 0.05395674705505371s
round6: 453 0.03976631164550781s
round7: 441 0.03592967987060547s
round8: 396 0.0362091064453125s
round9: 441 0.0359189510345459s
