round0: 2373 0.09838724136352539s
round1: 2187 0.09352231025695801s
round2: 2466 0.09430694580078125s
round3: 2367 0.09144139289855957s
round4: 2382 0.08225107192993164s
round5: 2520 0.08850932121276855s
round6: 2499 0.09464359283447266s
round7: 2313 0.09002923965454102s
round8: 2457 0.10227251052856445s
round9: 2373 0.09062409400939941s
