round0: 930 0.0664823055267334s
round1: 957 0.06828927993774414s
round2: 927 0.062283992767333984s
round3: 978 0.05581212043762207s
round4: 864 0.0547175407409668s
round5: 834 0.05683708190917969s
round6: 840 0.05875706672668457s
round7: 858 0.053023338317871094s
round8: 960 0.05588531494140625s
round9: 915 0.0552823543548584s
