round0: 174 0.036029815673828125s
round1: 198 0.03555870056152344s
round2: 210 0.035703182220458984s
round3: 174 0.0352015495300293s
round4: 192 0.0353090763092041s
round5: 228 0.0353846549987793s
round6: 225 0.03602004051208496s
round7: 195 0.03876185417175293s
round8: 207 0.03625154495239258s
round9: 177 0.034508466720581055s
