round0: 1755 0.08590984344482422s
round1: 1824 0.07873654365539551s
round2: 1836 0.07608246803283691s
round3: 1854 0.07544589042663574s
round4: 1851 0.08168363571166992s
round5: 1680 0.07220959663391113s
round6: 1839 0.0805671215057373s
round7: 1809 0.08129119873046875s
round8: 1749 0.0752255916595459s
round9: 1917 0.08097290992736816s
