round0: 1323 0.07170557975769043s
round1: 1248 0.06977629661560059s
round2: 1299 0.06427407264709473s
round3: 1275 0.06621623039245605s
round4: 1332 0.0644228458404541s
round5: 1308 0.06133079528808594s
round6: 1287 0.06167936325073242s
round7: 1311 0.06278324127197266s
round8: 1197 0.06024885177612305s
round9: 1230 0.0636138916015625s
