round0: 207 0.03834033012390137s
round1: 231 0.04078507423400879s
round2: 222 0.04096865653991699s
round3: 237 0.040441274642944336s
round4: 225 0.0409245491027832s
round5: 222 0.04076123237609863s
round6: 174 0.03946280479431152s
round7: 234 0.043723106384277344s
round8: 234 0.0413668155670166s
round9: 207 0.0416719913482666s
