round0: 618 0.05664944648742676s
round1: 570 0.05729103088378906s
round2: 594 0.05638408660888672s
round3: 567 0.055545806884765625s
round4: 468 0.05449318885803223s
round5: 633 0.057729244232177734s
round6: 558 0.05817532539367676s
round7: 570 0.05463886260986328s
round8: 639 0.0536348819732666s
round9: 594 0.05643773078918457s
