round0: 1071 0.05548501014709473s
round1: 1068 0.06422615051269531s
round2: 1188 0.06576037406921387s
round3: 957 0.06073331832885742s
round4: 1083 0.06532979011535645s
round5: 1176 0.06542563438415527s
round6: 1137 0.07208919525146484s
round7: 1191 0.059168100357055664s
round8: 1056 0.05956554412841797s
round9: 1104 0.057245731353759766s
