round0: 0 0.026729822158813477s
round1: 0 0.026529312133789062s
round2: 3 0.02670001983642578s
round3: 3 0.02678060531616211s
round4: 0 0.026729822158813477s
round5: 0 0.02661895751953125s
round6: 0 0.026472806930541992s
round7: 3 0.027575016021728516s
round8: 0 0.02662181854248047s
round9: 0 0.026968955993652344s
