round0: 57 0.033891916275024414s
round1: 78 0.03154444694519043s
round2: 57 0.0313565731048584s
round3: 66 0.031585693359375s
round4: 45 0.030814409255981445s
round5: 54 0.030261516571044922s
round6: 60 0.030652999877929688s
round7: 39 0.033174991607666016s
round8: 54 0.030727863311767578s
round9: 42 0.03223848342895508s
