round0: 0 0.020233154296875s
round1: 0 0.02664041519165039s
round2: 0 0.030995607376098633s
round3: 0 0.02662515640258789s
round4: 0 0.026532411575317383s
round5: 0 0.02641129493713379s
round6: 0 0.026543855667114258s
round7: 0 0.026706218719482422s
round8: 0 0.026430130004882812s
round9: 0 0.02722930908203125s
