round0: 504 0.047901153564453125s
round1: 528 0.05238986015319824s
round2: 507 0.05549216270446777s
round3: 555 0.05458784103393555s
round4: 471 0.05017232894897461s
round5: 429 0.051091670989990234s
round6: 513 0.054749250411987305s
round7: 426 0.05570030212402344s
round8: 465 0.05357170104980469s
round9: 435 0.051793813705444336s
