round0: 879 0.061521053314208984s
round1: 855 0.06120800971984863s
round2: 732 0.055365800857543945s
round3: 885 0.0604710578918457s
round4: 933 0.06260442733764648s
round5: 747 0.06049847602844238s
round6: 861 0.0644233226776123s
round7: 951 0.06388640403747559s
round8: 888 0.06103157997131348s
round9: 912 0.05863332748413086s
