round0: 126 0.03464460372924805s
round1: 108 0.03411054611206055s
round2: 126 0.03498268127441406s
round3: 132 0.03753018379211426s
round4: 117 0.03437948226928711s
round5: 111 0.03412604331970215s
round6: 126 0.03523564338684082s
round7: 117 0.034441232681274414s
round8: 108 0.0341334342956543s
round9: 129 0.034943580627441406s
