round0: 312 0.03682351112365723s
round1: 294 0.0513300895690918s
round2: 300 0.04384660720825195s
round3: 294 0.045580387115478516s
round4: 294 0.045722246170043945s
round5: 243 0.046219587326049805s
round6: 315 0.04613828659057617s
round7: 240 0.04427838325500488s
round8: 300 0.04501676559448242s
round9: 294 0.04880714416503906s
