round0: 255 0.021288156509399414s
round1: 255 0.01903820037841797s
round2: 264 0.02082967758178711s
round3: 267 0.019348859786987305s
round4: 291 0.019217252731323242s
round5: 255 0.019546985626220703s
round6: 267 0.01877880096435547s
round7: 249 0.019566059112548828s
round8: 264 0.02039623260498047s
round9: 249 0.02019953727722168s
