round0: 3 0.005830287933349609s
round1: 3 0.005667686462402344s
round2: 3 0.0055999755859375s
round3: 3 0.005666494369506836s
round4: 3 0.00614166259765625s
round5: 3 0.005724430084228516s
round6: 3 0.0060558319091796875s
round7: 3 0.005774259567260742s
round8: 3 0.005670785903930664s
round9: 3 0.005637645721435547s
