round0: 0 0.007941722869873047s
round1: 3 0.0067844390869140625s
round2: 0 0.0063648223876953125s
round3: 0 0.0062906742095947266s
round4: 3 0.0068738460540771484s
round5: 0 0.006317138671875s
round6: 3 0.0067501068115234375s
round7: 0 0.006310701370239258s
round8: 3 0.006659984588623047s
round9: 0 0.006229877471923828s
