round0: 6 0.0074155330657958984s
round1: 12 0.010512828826904297s
round2: 15 0.011448144912719727s
round3: 15 0.012009620666503906s
round4: 15 0.012176275253295898s
round5: 6 0.010994911193847656s
round6: 6 0.010552167892456055s
round7: 18 0.011881589889526367s
round8: 9 0.009173154830932617s
round9: 6 0.00864100456237793s
