round0: 6873 0.5950405597686768s
round1: 7110 0.6029932498931885s
round2: 8106 0.6800167560577393s
round3: 7503 0.6862297058105469s
round4: 8685 0.7601258754730225s
round5: 8496 0.7433269023895264s
round6: 7323 0.6977190971374512s
round7: 6531 0.5180437564849854s
round8: 6243 0.493457555770874s
round9: 8097 0.7266631126403809s
