round0: 141 0.01882481575012207s
round1: 153 0.015549421310424805s
round2: 132 0.014988899230957031s
round3: 147 0.015346050262451172s
round4: 135 0.015149593353271484s
round5: 123 0.015156984329223633s
round6: 129 0.015053272247314453s
round7: 123 0.015338897705078125s
round8: 111 0.014384269714355469s
round9: 120 0.015078067779541016s
