round0: 3 0.0075092315673828125s
round1: 3 0.0068967342376708984s
round2: 0 0.0066754817962646484s
round3: 0 0.006658315658569336s
round4: 0 0.0068111419677734375s
round5: 0 0.00688624382019043s
round6: 0 0.006546974182128906s
round7: 0 0.0070841312408447266s
round8: 0 0.00671696662902832s
round9: 0 0.007004737854003906s
