round0: 51 0.009329557418823242s
round1: 54 0.009589672088623047s
round2: 42 0.009879827499389648s
round3: 54 0.009833335876464844s
round4: 48 0.009779691696166992s
round5: 42 0.009507179260253906s
round6: 42 0.00955343246459961s
round7: 45 0.009444713592529297s
round8: 48 0.009608745574951172s
round9: 48 0.007877111434936523s
