round0: 318 0.019636869430541992s
round1: 327 0.018419504165649414s
round2: 297 0.019348859786987305s
round3: 315 0.020055055618286133s
round4: 324 0.0211484432220459s
round5: 291 0.01977252960205078s
round6: 291 0.022267818450927734s
round7: 315 0.02239370346069336s
round8: 318 0.0202481746673584s
round9: 294 0.021523714065551758s
