round0: 54 0.019696950912475586s
round1: 57 0.010414361953735352s
round2: 48 0.00936579704284668s
round3: 54 0.008365392684936523s
round4: 54 0.00853729248046875s
round5: 57 0.009116649627685547s
round6: 60 0.010041952133178711s
round7: 66 0.00970458984375s
round8: 36 0.009238004684448242s
round9: 51 0.00917959213256836s
