round0: 324 0.023999929428100586s
round1: 324 0.01973891258239746s
round2: 327 0.02351546287536621s
round3: 339 0.022979736328125s
round4: 306 0.022873640060424805s
round5: 300 0.022672176361083984s
round6: 336 0.023197650909423828s
round7: 318 0.022533655166625977s
round8: 336 0.023537635803222656s
round9: 339 0.023217439651489258s
