round0: 618 0.035440683364868164s
round1: 633 0.03365921974182129s
round2: 630 0.03252530097961426s
round3: 624 0.03361988067626953s
round4: 606 0.03254890441894531s
round5: 615 0.0330967903137207s
round6: 609 0.0335390567779541s
round7: 630 0.033724308013916016s
round8: 594 0.032405853271484375s
round9: 621 0.03162240982055664s
