round0: 48 0.0926976203918457s
round1: 39 0.00832366943359375s
round2: 42 0.0084991455078125s
round3: 39 0.00810694694519043s
round4: 48 0.009887218475341797s
round5: 33 0.007974386215209961s
round6: 42 0.008056402206420898s
round7: 33 0.0077266693115234375s
round8: 42 0.008147001266479492s
round9: 42 0.00783848762512207s
