round0: 330 0.01828742027282715s
round1: 297 0.02235102653503418s
round2: 315 0.022246360778808594s
round3: 312 0.021918058395385742s
round4: 309 0.022768259048461914s
round5: 333 0.02250385284423828s
round6: 318 0.022179841995239258s
round7: 327 0.022626399993896484s
round8: 327 0.0244901180267334s
round9: 321 0.022791624069213867s
