round0: 45 0.04490804672241211s
round1: 45 0.00859689712524414s
round2: 48 0.008439779281616211s
round3: 45 0.009053468704223633s
round4: 42 0.009493112564086914s
round5: 42 0.009442567825317383s
round6: 60 0.00970458984375s
round7: 39 0.009425878524780273s
round8: 51 0.009598970413208008s
round9: 39 0.009150266647338867s
