round0: 4095 0.3789708614349365s
round1: 3894 0.34581828117370605s
round2: 4245 0.3436465263366699s
round3: 3918 0.37937307357788086s
round4: 3798 0.256317138671875s
round5: 3825 0.3329274654388428s
round6: 4128 0.4267735481262207s
round7: 3990 0.2944018840789795s
round8: 3972 0.30449986457824707s
round9: 4371 0.31041979789733887s
