round0: 0 0.007477760314941406s
round1: 0 0.006497383117675781s
round2: 0 0.00641179084777832s
round3: 0 0.0064697265625s
round4: 0 0.006432056427001953s
round5: 0 0.0062525272369384766s
round6: 0 0.006373882293701172s
round7: 0 0.006342887878417969s
round8: 0 0.0062694549560546875s
round9: 0 0.006272554397583008s
