round0: 0 0.010213136672973633s
round1: 0 0.0055201053619384766s
round2: 0 0.005727052688598633s
round3: 0 0.005827426910400391s
round4: 0 0.005619525909423828s
round5: 0 0.005474090576171875s
round6: 3 0.005867481231689453s
round7: 0 0.005547046661376953s
round8: 3 0.005723476409912109s
round9: 0 0.005520343780517578s
