round0: 9 0.007524251937866211s
round1: 6 0.0064067840576171875s
round2: 12 0.007758617401123047s
round3: 12 0.007561683654785156s
round4: 9 0.006600379943847656s
round5: 12 0.006938457489013672s
round6: 6 0.007866382598876953s
round7: 6 0.007437467575073242s
round8: 3 0.0065155029296875s
round9: 6 0.006468534469604492s
