round0: 18 0.00568699836730957s
round1: 18 0.005556344985961914s
round2: 24 0.0057146549224853516s
round3: 21 0.005382061004638672s
round4: 21 0.005413532257080078s
round5: 21 0.005307435989379883s
round6: 18 0.0059871673583984375s
round7: 18 0.005301713943481445s
round8: 18 0.005564212799072266s
round9: 15 0.005285501480102539s
