round0: 6 0.011892080307006836s
round1: 6 0.0052738189697265625s
round2: 6 0.005199432373046875s
round3: 12 0.005277156829833984s
round4: 18 0.005279541015625s
round5: 6 0.005132198333740234s
round6: 9 0.0053369998931884766s
round7: 12 0.0065021514892578125s
round8: 9 0.006243228912353516s
round9: 18 0.006491422653198242s
