round0: 375 0.03261852264404297s
round1: 417 0.023347854614257812s
round2: 393 0.01949906349182129s
round3: 405 0.019336700439453125s
round4: 399 0.01588726043701172s
round5: 369 0.01593327522277832s
round6: 387 0.016383647918701172s
round7: 384 0.015938282012939453s
round8: 417 0.01648402214050293s
round9: 393 0.016834497451782227s
