round0: 147 0.011391639709472656s
round1: 150 0.009721517562866211s
round2: 144 0.00929117202758789s
round3: 162 0.00967860221862793s
round4: 144 0.009260177612304688s
round5: 138 0.010736227035522461s
round6: 147 0.011358499526977539s
round7: 132 0.010917425155639648s
round8: 126 0.01133108139038086s
round9: 165 0.011441230773925781s
