round0: 135 0.1439805030822754s
round1: 153 0.009927034378051758s
round2: 129 0.009697198867797852s
round3: 144 0.009439229965209961s
round4: 144 0.00899648666381836s
round5: 150 0.00912022590637207s
round6: 126 0.00908517837524414s
round7: 165 0.009554386138916016s
round8: 135 0.008707284927368164s
round9: 144 0.01021122932434082s
