round0: 162 0.06532073020935059s
round1: 177 0.01030588150024414s
round2: 174 0.009839296340942383s
round3: 162 0.009945154190063477s
round4: 159 0.010129213333129883s
round5: 156 0.00974416732788086s
round6: 162 0.010372638702392578s
round7: 189 0.010310649871826172s
round8: 159 0.009608268737792969s
round9: 159 0.009871482849121094s
