round0: 20289 0.6377284526824951s
round1: 19776 0.5660407543182373s
round2: 21348 0.6339523792266846s
round3: 20937 0.5544195175170898s
round4: 20388 0.6215527057647705s
round5: 19182 0.5753190517425537s
round6: 20253 0.6423096656799316s
round7: 20679 0.638181209564209s
round8: 20049 0.5639560222625732s
round9: 19350 0.5621018409729004s
