round0: 423 0.12838435173034668s
round1: 435 0.12472200393676758s
round2: 426 0.10556578636169434s
round3: 444 0.10354900360107422s
round4: 558 0.10859179496765137s
round5: 459 0.10591816902160645s
round6: 660 0.10885143280029297s
round7: 576 0.1117849349975586s
round8: 459 0.10909867286682129s
round9: 423 0.11321306228637695s
