round0: 189 0.04316902160644531s
round1: 189 0.043668508529663086s
round2: 183 0.040261030197143555s
round3: 180 0.04267382621765137s
round4: 183 0.03702139854431152s
round5: 192 0.039194345474243164s
round6: 189 0.03741574287414551s
round7: 177 0.039922237396240234s
round8: 174 0.039609670639038086s
round9: 186 0.04185938835144043s
