round0: 138 0.02849888801574707s
round1: 132 0.031008243560791016s
round2: 129 0.03133058547973633s
round3: 135 0.030893564224243164s
round4: 138 0.031653642654418945s
round5: 138 0.03103780746459961s
round6: 126 0.03082871437072754s
round7: 135 0.03176403045654297s
round8: 141 0.029821157455444336s
round9: 132 0.03078937530517578s
