round0: 177 0.04679226875305176s
round1: 180 0.0540616512298584s
round2: 189 0.05530881881713867s
round3: 180 0.05502605438232422s
round4: 165 0.05419015884399414s
round5: 165 0.053888559341430664s
round6: 189 0.05497026443481445s
round7: 177 0.056508541107177734s
round8: 177 0.054616689682006836s
round9: 186 0.05765485763549805s
