round0: 252 0.04212236404418945s
round1: 255 0.05369853973388672s
round2: 240 0.05843234062194824s
round3: 222 0.057108402252197266s
round4: 228 0.06142783164978027s
round5: 246 0.05810284614562988s
round6: 255 0.06553006172180176s
round7: 246 0.05783510208129883s
round8: 243 0.060022592544555664s
round9: 234 0.059613704681396484s
