round0: 135 0.05047464370727539s
round1: 201 0.05102825164794922s
round2: 207 0.05189633369445801s
round3: 180 0.05028367042541504s
round4: 102 0.053688764572143555s
round5: 111 0.050470829010009766s
round6: 138 0.05210733413696289s
round7: 138 0.047142744064331055s
round8: 156 0.04913449287414551s
round9: 171 0.051331520080566406s
