round0: 258 0.04507017135620117s
round1: 273 0.0472564697265625s
round2: 276 0.05173921585083008s
round3: 279 0.049407005310058594s
round4: 276 0.053786277770996094s
round5: 276 0.0509190559387207s
round6: 276 0.05340266227722168s
round7: 267 0.04688668251037598s
round8: 270 0.05180931091308594s
round9: 261 0.05489540100097656s
