round0: 126 0.035592079162597656s
round1: 171 0.03632473945617676s
round2: 168 0.03890633583068848s
round3: 165 0.03495025634765625s
round4: 207 0.038954734802246094s
round5: 204 0.03599715232849121s
round6: 186 0.03936171531677246s
round7: 195 0.03780508041381836s
round8: 198 0.0336451530456543s
round9: 147 0.036966562271118164s
