round0: 60 0.037919044494628906s
round1: 60 0.03868842124938965s
round2: 180 0.0399324893951416s
round3: 60 0.037259578704833984s
round4: 60 0.032309770584106445s
round5: 144 0.04291415214538574s
round6: 60 0.04222249984741211s
round7: 174 0.04061436653137207s
round8: 60 0.04282951354980469s
round9: 60 0.041825056076049805s
