round0: 111 0.03516244888305664s
round1: 120 0.03782081604003906s
round2: 132 0.03618478775024414s
round3: 108 0.033632755279541016s
round4: 114 0.033446550369262695s
round5: 120 0.03454160690307617s
round6: 105 0.035865068435668945s
round7: 111 0.03373289108276367s
round8: 108 0.030879735946655273s
round9: 141 0.03289365768432617s
