round0: 27 0.007096052169799805s
round1: 27 0.0075054168701171875s
round2: 24 0.008826732635498047s
round3: 24 0.008406639099121094s
round4: 30 0.008818864822387695s
round5: 21 0.00858306884765625s
round6: 24 0.008450508117675781s
round7: 24 0.008512735366821289s
round8: 30 0.008840322494506836s
round9: 24 0.009932994842529297s
