round0: 366 0.07318115234375s
round1: 399 0.0746762752532959s
round2: 360 0.08271050453186035s
round3: 399 0.07774519920349121s
round4: 294 0.07733631134033203s
round5: 444 0.07764911651611328s
round6: 435 0.06963539123535156s
round7: 432 0.06476712226867676s
round8: 414 0.06203508377075195s
round9: 405 0.06589531898498535s
