round0: 204 0.039810895919799805s
round1: 222 0.04341435432434082s
round2: 231 0.048584699630737305s
round3: 192 0.05047273635864258s
round4: 234 0.05304765701293945s
round5: 192 0.051398277282714844s
round6: 213 0.05419754981994629s
round7: 198 0.04858899116516113s
round8: 180 0.05165266990661621s
round9: 213 0.04588913917541504s
