round0: 159 0.040711402893066406s
round1: 150 0.038259029388427734s
round2: 147 0.036015987396240234s
round3: 165 0.03802657127380371s
round4: 165 0.036200761795043945s
round5: 165 0.038210391998291016s
round6: 165 0.03632402420043945s
round7: 168 0.03809857368469238s
round8: 162 0.03249478340148926s
round9: 168 0.03554034233093262s
