round0: 213 0.04915165901184082s
round1: 198 0.05062055587768555s
round2: 183 0.05100250244140625s
round3: 180 0.05289888381958008s
round4: 192 0.05042123794555664s
round5: 174 0.05117678642272949s
round6: 216 0.05220746994018555s
round7: 213 0.0531766414642334s
round8: 192 0.05251717567443848s
round9: 183 0.052237510681152344s
