round0: 354 0.09180498123168945s
round1: 210 0.07989978790283203s
round2: 210 0.0747826099395752s
round3: 399 0.07639646530151367s
round4: 213 0.07248425483703613s
round5: 225 0.07404303550720215s
round6: 357 0.07800173759460449s
round7: 210 0.07726883888244629s
round8: 417 0.0761117935180664s
round9: 219 0.07278060913085938s
