round0: 201 0.04941606521606445s
round1: 198 0.057622432708740234s
round2: 171 0.05872392654418945s
round3: 201 0.05621957778930664s
round4: 201 0.061966896057128906s
round5: 207 0.06218314170837402s
round6: 165 0.057257652282714844s
round7: 159 0.06095170974731445s
round8: 186 0.06625127792358398s
round9: 174 0.06802010536193848s
