round0: 45 0.013306379318237305s
round1: 48 0.011824607849121094s
round2: 45 0.010816097259521484s
round3: 51 0.01307821273803711s
round4: 54 0.012813806533813477s
round5: 51 0.012516498565673828s
round6: 51 0.013663768768310547s
round7: 51 0.013275623321533203s
round8: 51 0.013416051864624023s
round9: 54 0.012740135192871094s
