round0: 45 0.020679712295532227s
round1: 39 0.018886566162109375s
round2: 48 0.017725229263305664s
round3: 42 0.019249916076660156s
round4: 54 0.021079301834106445s
round5: 42 0.019584178924560547s
round6: 45 0.01944422721862793s
round7: 45 0.019446134567260742s
round8: 39 0.017903804779052734s
round9: 39 0.01691579818725586s
