round0: 339 0.05940985679626465s
round1: 351 0.0611722469329834s
round2: 330 0.06257247924804688s
round3: 348 0.05667567253112793s
round4: 354 0.056650400161743164s
round5: 354 0.05543637275695801s
round6: 336 0.05319356918334961s
round7: 360 0.05721259117126465s
round8: 351 0.05376434326171875s
round9: 345 0.06167936325073242s
