round0: 384 0.08973574638366699s
round1: 375 0.08378815650939941s
round2: 438 0.08393168449401855s
round3: 399 0.08103489875793457s
round4: 426 0.08129525184631348s
round5: 375 0.07573246955871582s
round6: 423 0.07539153099060059s
round7: 426 0.0784461498260498s
round8: 414 0.08218908309936523s
round9: 384 0.08429312705993652s
