round0: 270 0.08645749092102051s
round1: 282 0.08623695373535156s
round2: 309 0.08334660530090332s
round3: 285 0.07991814613342285s
round4: 288 0.08110237121582031s
round5: 375 0.07968544960021973s
round6: 417 0.081878662109375s
round7: 291 0.07615280151367188s
round8: 312 0.07758593559265137s
round9: 333 0.0811457633972168s
