round0: 357 0.06519103050231934s
round1: 342 0.06645965576171875s
round2: 333 0.06826591491699219s
round3: 342 0.06237983703613281s
round4: 330 0.06098127365112305s
round5: 321 0.06497621536254883s
round6: 351 0.0663154125213623s
round7: 321 0.065948486328125s
round8: 342 0.06525492668151855s
round9: 315 0.06570959091186523s
