round0: 402 0.10498285293579102s
round1: 420 0.09363293647766113s
round2: 480 0.09211397171020508s
round3: 471 0.09414505958557129s
round4: 420 0.10101985931396484s
round5: 357 0.10507917404174805s
round6: 420 0.09887385368347168s
round7: 408 0.10146117210388184s
round8: 390 0.10241937637329102s
round9: 447 0.09902501106262207s
