round0: 108 0.024141788482666016s
round1: 120 0.027272939682006836s
round2: 93 0.026600122451782227s
round3: 108 0.02450394630432129s
round4: 111 0.028770923614501953s
round5: 102 0.028783798217773438s
round6: 117 0.027332305908203125s
round7: 96 0.028933048248291016s
round8: 93 0.030040502548217773s
round9: 135 0.027074098587036133s
