round0: 132 0.05859208106994629s
round1: 132 0.07794666290283203s
round2: 132 0.06658816337585449s
round3: 132 0.07519745826721191s
round4: 132 0.07130885124206543s
round5: 132 0.07198405265808105s
round6: 132 0.07457470893859863s
round7: 132 0.06994962692260742s
round8: 132 0.06788086891174316s
round9: 132 0.08066463470458984s
