round0: 246 0.11064624786376953s
round1: 246 0.1069326400756836s
round2: 246 0.08854317665100098s
round3: 246 0.08294939994812012s
round4: 246 0.10581755638122559s
round5: 246 0.08937358856201172s
round6: 246 0.0866861343383789s
round7: 246 0.09314489364624023s
round8: 246 0.0943291187286377s
round9: 246 0.0849907398223877s
