round0: 54 0.01234745979309082s
round1: 54 0.01225423812866211s
round2: 57 0.013419151306152344s
round3: 60 0.015552520751953125s
round4: 57 0.01555180549621582s
round5: 54 0.016063451766967773s
round6: 51 0.015624284744262695s
round7: 60 0.015822410583496094s
round8: 48 0.014971494674682617s
round9: 57 0.015620231628417969s
