round0: 192 0.05714011192321777s
round1: 195 0.0602877140045166s
round2: 222 0.060600996017456055s
round3: 207 0.05930781364440918s
round4: 237 0.05961918830871582s
round5: 255 0.06455445289611816s
round6: 234 0.057488203048706055s
round7: 225 0.05903315544128418s
round8: 207 0.06006336212158203s
round9: 189 0.05233502388000488s
