round0: 399 0.08277463912963867s
round1: 417 0.08026409149169922s
round2: 387 0.06636810302734375s
round3: 420 0.06414628028869629s
round4: 423 0.062346696853637695s
round5: 420 0.06348848342895508s
round6: 405 0.05796456336975098s
round7: 420 0.05507540702819824s
round8: 405 0.05341672897338867s
round9: 432 0.05523848533630371s
