round0: 366 0.035273075103759766s
round1: 378 0.041051626205444336s
round2: 378 0.04514908790588379s
round3: 390 0.04276871681213379s
round4: 384 0.0444788932800293s
round5: 366 0.03707432746887207s
round6: 360 0.042125701904296875s
round7: 348 0.03727269172668457s
round8: 381 0.03366899490356445s
round9: 372 0.03527045249938965s
