round0: 360 0.03782844543457031s
round1: 357 0.03992724418640137s
round2: 354 0.039359331130981445s
round3: 357 0.04123878479003906s
round4: 348 0.04399251937866211s
round5: 354 0.0410008430480957s
round6: 357 0.04174637794494629s
round7: 369 0.03655052185058594s
round8: 327 0.03515744209289551s
round9: 342 0.02658677101135254s
