round0: 123 0.017175912857055664s
round1: 120 0.016579627990722656s
round2: 123 0.017396211624145508s
round3: 120 0.016162633895874023s
round4: 123 0.015891075134277344s
round5: 120 0.01669168472290039s
round6: 120 0.01697397232055664s
round7: 114 0.014884710311889648s
round8: 117 0.014019012451171875s
round9: 123 0.01538848876953125s
