round0: 381 0.040317535400390625s
round1: 369 0.04078316688537598s
round2: 357 0.04207468032836914s
round3: 378 0.036223649978637695s
round4: 369 0.0361943244934082s
round5: 375 0.04174327850341797s
round6: 369 0.04047989845275879s
round7: 372 0.04296159744262695s
round8: 369 0.037836551666259766s
round9: 372 0.044222116470336914s
