round0: 291 0.03710150718688965s
round1: 333 0.04058551788330078s
round2: 315 0.04167675971984863s
round3: 318 0.03923535346984863s
round4: 324 0.03705096244812012s
round5: 321 0.03282809257507324s
round6: 309 0.03673601150512695s
round7: 327 0.039665937423706055s
round8: 309 0.04019284248352051s
round9: 333 0.04032182693481445s
