round0: 147 0.01726698875427246s
round1: 150 0.018223047256469727s
round2: 147 0.017163753509521484s
round3: 156 0.018313169479370117s
round4: 147 0.016946077346801758s
round5: 147 0.017089128494262695s
round6: 156 0.016546964645385742s
round7: 141 0.015048027038574219s
round8: 150 0.016355276107788086s
round9: 156 0.01616048812866211s
