round0: 333 0.040270090103149414s
round1: 351 0.03700876235961914s
round2: 357 0.037654876708984375s
round3: 348 0.03396868705749512s
round4: 363 0.03708219528198242s
round5: 348 0.03844809532165527s
round6: 366 0.03460979461669922s
round7: 345 0.0345001220703125s
round8: 357 0.039331912994384766s
round9: 354 0.04307055473327637s
