round0: 9 0.0021314620971679688s
round1: 6 0.002094268798828125s
round2: 6 0.0021445751190185547s
round3: 6 0.002051830291748047s
round4: 9 0.002089262008666992s
round5: 9 0.002146482467651367s
round6: 6 0.002015352249145508s
round7: 9 0.00203704833984375s
round8: 6 0.0019838809967041016s
round9: 6 0.0021080970764160156s
