round0: 342 0.041502952575683594s
round1: 309 0.04173922538757324s
round2: 303 0.04005742073059082s
round3: 306 0.03940248489379883s
round4: 324 0.03928947448730469s
round5: 330 0.04161977767944336s
round6: 315 0.04108881950378418s
round7: 327 0.03506040573120117s
round8: 327 0.03982877731323242s
round9: 348 0.04061746597290039s
