round0: 153 0.01648235321044922s
round1: 141 0.016341686248779297s
round2: 141 0.01706862449645996s
round3: 141 0.020068645477294922s
round4: 141 0.018311738967895508s
round5: 156 0.018423080444335938s
round6: 141 0.01700305938720703s
round7: 141 0.018780946731567383s
round8: 141 0.019019365310668945s
round9: 141 0.01822686195373535s
