round0: 141 0.014434814453125s
round1: 135 0.015303373336791992s
round2: 129 0.01302194595336914s
round3: 138 0.013906717300415039s
round4: 141 0.015378713607788086s
round5: 147 0.01558828353881836s
round6: 135 0.01401066780090332s
round7: 138 0.014876842498779297s
round8: 141 0.014786005020141602s
round9: 141 0.016101360321044922s
