round0: 9 0.0020427703857421875s
round1: 9 0.002142667770385742s
round2: 9 0.002385854721069336s
round3: 6 0.0035352706909179688s
round4: 6 0.0037584304809570312s
round5: 6 0.00372314453125s
round6: 9 0.00380706787109375s
round7: 6 0.003766775131225586s
round8: 9 0.0038874149322509766s
round9: 6 0.003780364990234375s
