round0: 342 0.04123663902282715s
round1: 351 0.043303728103637695s
round2: 348 0.04481339454650879s
round3: 342 0.03667759895324707s
round4: 339 0.041474103927612305s
round5: 360 0.03411984443664551s
round6: 333 0.03295564651489258s
round7: 348 0.039546966552734375s
round8: 351 0.03989100456237793s
round9: 330 0.036542654037475586s
