round0: 360 0.038896799087524414s
round1: 336 0.039945363998413086s
round2: 360 0.03478693962097168s
round3: 348 0.04148578643798828s
round4: 363 0.04224038124084473s
round5: 357 0.0383608341217041s
round6: 357 0.034015655517578125s
round7: 360 0.03807234764099121s
round8: 354 0.037719011306762695s
round9: 360 0.04149603843688965s
