round0: 153 0.016449451446533203s
round1: 153 0.015543222427368164s
round2: 147 0.01904439926147461s
round3: 150 0.01876044273376465s
round4: 159 0.020319461822509766s
round5: 144 0.019242048263549805s
round6: 150 0.019101381301879883s
round7: 150 0.019605636596679688s
round8: 153 0.01862168312072754s
round9: 153 0.0188295841217041s
