round0: 12 0.002676725387573242s
round1: 12 0.0023436546325683594s
round2: 12 0.0024080276489257812s
round3: 12 0.0028781890869140625s
round4: 12 0.002347707748413086s
round5: 12 0.00416874885559082s
round6: 12 0.004178285598754883s
round7: 12 0.00414729118347168s
round8: 12 0.004180908203125s
round9: 12 0.00421905517578125s
