round0: 102 0.014022350311279297s
round1: 102 0.014352083206176758s
round2: 102 0.014707326889038086s
round3: 99 0.014844417572021484s
round4: 102 0.014732599258422852s
round5: 102 0.014777898788452148s
round6: 102 0.015233755111694336s
round7: 102 0.016407489776611328s
round8: 102 0.015787124633789062s
round9: 102 0.014800786972045898s
