round0: 9 0.002361297607421875s
round1: 9 0.002351045608520508s
round2: 9 0.003293752670288086s
round3: 9 0.004315376281738281s
round4: 9 0.0042765140533447266s
round5: 9 0.00412440299987793s
round6: 9 0.004309654235839844s
round7: 9 0.004231452941894531s
round8: 9 0.004240512847900391s
round9: 9 0.004235029220581055s
