round0: 150 0.018964767456054688s
round1: 141 0.019706249237060547s
round2: 147 0.019565105438232422s
round3: 147 0.01871967315673828s
round4: 138 0.018548011779785156s
round5: 141 0.018390417098999023s
round6: 144 0.01914525032043457s
round7: 138 0.018461227416992188s
round8: 147 0.01878523826599121s
round9: 138 0.019658327102661133s
