round0: 138 0.01620173454284668s
round1: 135 0.01720738410949707s
round2: 135 0.01681971549987793s
round3: 135 0.015603303909301758s
round4: 138 0.017636537551879883s
round5: 144 0.017372846603393555s
round6: 138 0.018068552017211914s
round7: 138 0.01694798469543457s
round8: 123 0.017386674880981445s
round9: 129 0.015442609786987305s
