round0: 132 0.017607927322387695s
round1: 132 0.016720056533813477s
round2: 141 0.017932653427124023s
round3: 141 0.015358924865722656s
round4: 132 0.016461849212646484s
round5: 141 0.01807856559753418s
round6: 141 0.015804290771484375s
round7: 138 0.017104148864746094s
round8: 132 0.01635885238647461s
round9: 132 0.01656365394592285s
