round0: 3 0.001821756362915039s
round1: 3 0.0018906593322753906s
round2: 3 0.0018796920776367188s
round3: 3 0.001863241195678711s
round4: 3 0.0017974376678466797s
round5: 3 0.0018961429595947266s
round6: 3 0.0018706321716308594s
round7: 3 0.0018391609191894531s
round8: 3 0.0018346309661865234s
round9: 3 0.00193023681640625s
