round0: 12 0.0026657581329345703s
round1: 9 0.0025136470794677734s
round2: 9 0.0026078224182128906s
round3: 9 0.0030210018157958984s
round4: 12 0.002695798873901367s
round5: 12 0.002507925033569336s
round6: 9 0.002563953399658203s
round7: 9 0.002518892288208008s
round8: 9 0.002559185028076172s
round9: 12 0.002480745315551758s
