round0: 366 0.041783809661865234s
round1: 378 0.04024004936218262s
round2: 372 0.03621959686279297s
round3: 375 0.0418238639831543s
round4: 366 0.04110598564147949s
round5: 372 0.04035377502441406s
round6: 375 0.04039168357849121s
round7: 381 0.041437387466430664s
round8: 360 0.03973054885864258s
round9: 369 0.04038214683532715s
