round0: 351 0.04158926010131836s
round1: 363 0.04172992706298828s
round2: 375 0.0398411750793457s
round3: 378 0.04050183296203613s
round4: 360 0.045014142990112305s
round5: 381 0.043752431869506836s
round6: 375 0.044855356216430664s
round7: 381 0.03723287582397461s
round8: 372 0.03824472427368164s
round9: 366 0.04337882995605469s
