round0: 129 0.017055034637451172s
round1: 126 0.01767444610595703s
round2: 123 0.01826930046081543s
round3: 132 0.01643204689025879s
round4: 129 0.01679229736328125s
round5: 132 0.017220258712768555s
round6: 126 0.016751766204833984s
round7: 126 0.016630172729492188s
round8: 117 0.014970779418945312s
round9: 126 0.01730942726135254s
