round0: 9 0.0021300315856933594s
round1: 9 0.0021979808807373047s
round2: 9 0.002748727798461914s
round3: 9 0.0039386749267578125s
round4: 9 0.003886699676513672s
round5: 9 0.003988027572631836s
round6: 9 0.003877401351928711s
round7: 9 0.003858327865600586s
round8: 9 0.003916025161743164s
round9: 9 0.004209756851196289s
