round0: 6 0.002173185348510742s
round1: 6 0.003009319305419922s
round2: 6 0.0039653778076171875s
round3: 6 0.003925800323486328s
round4: 6 0.0021877288818359375s
round5: 6 0.0022039413452148438s
round6: 6 0.0021300315856933594s
round7: 6 0.0020313262939453125s
round8: 6 0.0020835399627685547s
round9: 6 0.0020148754119873047s
