round0: 6 0.0022363662719726562s
round1: 6 0.002245187759399414s
round2: 6 0.003319263458251953s
round3: 6 0.0038175582885742188s
round4: 6 0.0038254261016845703s
round5: 6 0.0037767887115478516s
round6: 6 0.003823518753051758s
round7: 6 0.003828287124633789s
round8: 6 0.0038695335388183594s
round9: 6 0.0038785934448242188s
