round0: 6 0.0020987987518310547s
round1: 6 0.002179861068725586s
round2: 6 0.0020754337310791016s
round3: 6 0.0021169185638427734s
round4: 6 0.002156972885131836s
round5: 6 0.0021140575408935547s
round6: 9 0.0021462440490722656s
round7: 12 0.0022253990173339844s
round8: 9 0.0021200180053710938s
round9: 6 0.0021622180938720703s
