round0: 135 0.03013134002685547s
round1: 132 0.0297243595123291s
round2: 210 0.030638456344604492s
round3: 234 0.02970600128173828s
round4: 225 0.03231310844421387s
round5: 177 0.028072357177734375s
round6: 234 0.02847886085510254s
round7: 123 0.027930021286010742s
round8: 192 0.026818275451660156s
round9: 186 0.02917647361755371s
