round0: 207 0.02232837677001953s
round1: 237 0.027291297912597656s
round2: 204 0.02860116958618164s
round3: 192 0.03233695030212402s
round4: 222 0.030498027801513672s
round5: 243 0.032785654067993164s
round6: 204 0.030814647674560547s
round7: 204 0.03492116928100586s
round8: 213 0.02884960174560547s
round9: 183 0.031607627868652344s
