round0: 396 0.04557633399963379s
round1: 450 0.04007601737976074s
round2: 393 0.04082679748535156s
round3: 456 0.041765689849853516s
round4: 483 0.0433351993560791s
round5: 453 0.04205608367919922s
round6: 408 0.04320788383483887s
round7: 471 0.04189109802246094s
round8: 447 0.0411524772644043s
round9: 417 0.0410466194152832s
