round0: 288 0.03647279739379883s
round1: 297 0.026439905166625977s
round2: 294 0.02944016456604004s
round3: 285 0.03164172172546387s
round4: 294 0.032477617263793945s
round5: 291 0.03068256378173828s
round6: 279 0.03190255165100098s
round7: 288 0.030719280242919922s
round8: 300 0.03183722496032715s
round9: 264 0.031884193420410156s
