round0: 378 0.04521584510803223s
round1: 375 0.039110422134399414s
round2: 372 0.03721928596496582s
round3: 357 0.03721046447753906s
round4: 396 0.03731536865234375s
round5: 381 0.03664970397949219s
round6: 357 0.03571796417236328s
round7: 366 0.038027048110961914s
round8: 378 0.03919219970703125s
round9: 369 0.037151336669921875s
