round0: 198 0.03445768356323242s
round1: 162 0.036631107330322266s
round2: 180 0.03667187690734863s
round3: 261 0.036301374435424805s
round4: 243 0.0384221076965332s
round5: 216 0.03665328025817871s
round6: 234 0.03551054000854492s
round7: 231 0.03155636787414551s
round8: 207 0.03440237045288086s
round9: 249 0.03785085678100586s
