round0: 141 0.03357577323913574s
round1: 129 0.030919313430786133s
round2: 144 0.027839183807373047s
round3: 147 0.02800750732421875s
round4: 114 0.02815985679626465s
round5: 159 0.027834177017211914s
round6: 129 0.02939772605895996s
round7: 126 0.025940418243408203s
round8: 132 0.028441429138183594s
round9: 159 0.028789758682250977s
