round0: 285 0.03333735466003418s
round1: 240 0.024051904678344727s
round2: 204 0.026103496551513672s
round3: 255 0.027939796447753906s
round4: 240 0.03742265701293945s
round5: 273 0.03463101387023926s
round6: 282 0.037276506423950195s
round7: 267 0.03655505180358887s
round8: 267 0.040770530700683594s
round9: 249 0.039217472076416016s
