round0: 210 0.043755292892456055s
round1: 570 0.05401945114135742s
round2: 270 0.05280351638793945s
round3: 210 0.05151653289794922s
round4: 249 0.040213823318481445s
round5: 210 0.04268360137939453s
round6: 357 0.05150604248046875s
round7: 309 0.04911470413208008s
round8: 210 0.04816079139709473s
round9: 507 0.05775022506713867s
