round0: 132 0.015405893325805664s
round1: 132 0.015084981918334961s
round2: 153 0.01972675323486328s
round3: 135 0.021840333938598633s
round4: 147 0.024826526641845703s
round5: 147 0.022018909454345703s
round6: 135 0.024509906768798828s
round7: 147 0.022434234619140625s
round8: 150 0.02142167091369629s
round9: 138 0.021436214447021484s
