round0: 942 0.11393952369689941s
round1: 459 0.04448699951171875s
round2: 537 0.06170248985290527s
round3: 699 0.07450628280639648s
round4: 891 0.08668947219848633s
round5: 759 0.07370376586914062s
round6: 855 0.07424473762512207s
round7: 801 0.0707559585571289s
round8: 720 0.08149862289428711s
round9: 840 0.06625032424926758s
