round0: 171 0.028367996215820312s
round1: 174 0.02891707420349121s
round2: 183 0.03309488296508789s
round3: 171 0.03221440315246582s
round4: 177 0.028813600540161133s
round5: 168 0.030124425888061523s
round6: 177 0.027252912521362305s
round7: 171 0.0321192741394043s
round8: 168 0.021837711334228516s
round9: 147 0.028325319290161133s
