round0: 132 0.027837276458740234s
round1: 132 0.03439736366271973s
round2: 138 0.03616476058959961s
round3: 534 0.04764604568481445s
round4: 348 0.04718828201293945s
round5: 141 0.04165077209472656s
round6: 504 0.04936480522155762s
round7: 231 0.035520076751708984s
round8: 132 0.03708624839782715s
round9: 132 0.05593681335449219s
