round0: 246 1.1114404201507568s
round1: 426 0.04586005210876465s
round2: 252 0.04160714149475098s
round3: 405 0.04209756851196289s
round4: 252 0.041259765625s
round5: 270 0.048423051834106445s
round6: 642 0.05705904960632324s
round7: 534 0.04710268974304199s
round8: 363 0.0639643669128418s
round9: 270 0.035826921463012695s
