round0: 84 0.016527414321899414s
round1: 108 0.01465463638305664s
round2: 132 0.017652273178100586s
round3: 132 0.019377946853637695s
round4: 138 0.023144960403442383s
round5: 153 0.023233652114868164s
round6: 138 0.021369218826293945s
round7: 129 0.023103952407836914s
round8: 102 0.0207672119140625s
round9: 135 0.025892019271850586s
