round0: 480 0.04015517234802246s
round1: 483 0.046440839767456055s
round2: 669 0.06165146827697754s
round3: 759 0.054158926010131836s
round4: 501 0.049097299575805664s
round5: 702 0.07429909706115723s
round6: 693 0.05692553520202637s
round7: 792 0.05579733848571777s
round8: 786 0.06224560737609863s
round9: 546 0.05338549613952637s
