round0: 366 0.028654813766479492s
round1: 366 0.02596902847290039s
round2: 393 0.03226327896118164s
round3: 387 0.036220550537109375s
round4: 348 0.03655076026916504s
round5: 366 0.036355018615722656s
round6: 357 0.035193443298339844s
round7: 354 0.0336916446685791s
round8: 384 0.038738250732421875s
round9: 354 0.036565542221069336s
