round0: 432 0.03981518745422363s
round1: 438 0.042986154556274414s
round2: 387 0.04042768478393555s
round3: 426 0.04285693168640137s
round4: 459 0.043746232986450195s
round5: 414 0.04204916954040527s
round6: 486 0.044106245040893555s
round7: 423 0.04046201705932617s
round8: 426 0.04192614555358887s
round9: 447 0.04041862487792969s
