round0: 15798 0.4632735252380371s
round1: 15591 0.43325185775756836s
round2: 15351 0.4675114154815674s
round3: 15885 0.4307823181152344s
round4: 15618 0.4804964065551758s
round5: 15759 0.4316520690917969s
round6: 15918 0.4370536804199219s
round7: 15777 0.47852206230163574s
round8: 15684 0.4463770389556885s
round9: 15564 0.43987274169921875s
