round0: 3 0.010278463363647461s
round1: 15 0.009469032287597656s
round2: 15 0.01069784164428711s
round3: 15 0.011220693588256836s
round4: 0 0.010525941848754883s
round5: 0 0.010864496231079102s
round6: 15 0.011155128479003906s
round7: 15 0.010586261749267578s
round8: 15 0.011137247085571289s
round9: 0 0.012552738189697266s
