round0: 0 0.033733367919921875s
round1: 0 0.008451461791992188s
round2: 0 0.009533166885375977s
round3: 0 0.0091552734375s
round4: 0 0.008904218673706055s
round5: 0 0.009860754013061523s
round6: 0 0.008238554000854492s
round7: 0 0.008514642715454102s
round8: 0 0.008531808853149414s
round9: 0 0.008188724517822266s
