round0: 54 0.012634754180908203s
round1: 45 0.01303863525390625s
round2: 45 0.013542652130126953s
round3: 45 0.013052940368652344s
round4: 45 0.013251781463623047s
round5: 45 0.012821197509765625s
round6: 45 0.012801408767700195s
round7: 54 0.013578414916992188s
round8: 48 0.013979196548461914s
round9: 45 0.013467788696289062s
