round0: 102 0.00939035415649414s
round1: 111 0.009401321411132812s
round2: 102 0.008619308471679688s
round3: 102 0.008525609970092773s
round4: 120 0.009551763534545898s
round5: 123 0.009006500244140625s
round6: 102 0.009195804595947266s
round7: 111 0.00969839096069336s
round8: 102 0.009382486343383789s
round9: 108 0.00885009765625s
