round0: 36 0.006000041961669922s
round1: 36 0.008693218231201172s
round2: 36 0.009999990463256836s
round3: 33 0.010081052780151367s
round4: 36 0.010186195373535156s
round5: 39 0.009672403335571289s
round6: 33 0.009763479232788086s
round7: 33 0.0098114013671875s
round8: 36 0.010068416595458984s
round9: 36 0.009782075881958008s
