round0: 9 0.0026378631591796875s
round1: 9 0.003195047378540039s
round2: 9 0.004191398620605469s
round3: 9 0.005008697509765625s
round4: 9 0.0057756900787353516s
round5: 9 0.005804538726806641s
round6: 9 0.007477998733520508s
round7: 9 0.0065042972564697266s
round8: 9 0.006312370300292969s
round9: 9 0.006359577178955078s
