round0: 2448 0.18481850624084473s
round1: 2478 0.15155959129333496s
round2: 2466 0.14926981925964355s
round3: 2466 0.1517171859741211s
round4: 2460 0.160567045211792s
round5: 2466 0.16057324409484863s
round6: 2463 0.1542191505432129s
round7: 2469 0.15257024765014648s
round8: 2454 0.16026639938354492s
round9: 2484 0.15185213088989258s
