round0: 18 0.007310390472412109s
round1: 18 0.006969928741455078s
round2: 18 0.007196664810180664s
round3: 18 0.007353067398071289s
round4: 18 0.007210969924926758s
round5: 15 0.00688481330871582s
round6: 18 0.006979942321777344s
round7: 18 0.007296085357666016s
round8: 15 0.007170200347900391s
round9: 18 0.007347583770751953s
