round0: 13383 0.7344329357147217s
round1: 13383 0.6787328720092773s
round2: 13458 0.6929738521575928s
round3: 13356 0.6890394687652588s
round4: 13359 0.745067834854126s
round5: 13389 0.7282373905181885s
round6: 13359 0.7271561622619629s
round7: 13395 0.7218091487884521s
round8: 13356 0.7334713935852051s
round9: 13320 0.7368781566619873s
