round0: 4302 0.27178478240966797s
round1: 4290 0.23265600204467773s
round2: 4236 0.22866320610046387s
round3: 4293 0.23246264457702637s
round4: 4329 0.22633862495422363s
round5: 4326 0.23011159896850586s
round6: 4332 0.23516154289245605s
round7: 4287 0.23045873641967773s
round8: 4272 0.2289426326751709s
round9: 4302 0.22571039199829102s
