round0: 33 0.0037932395935058594s
round1: 33 0.004645347595214844s
round2: 33 0.006468296051025391s
round3: 33 0.008150815963745117s
round4: 33 0.007985353469848633s
round5: 33 0.00833272933959961s
round6: 33 0.008625030517578125s
round7: 33 0.008420467376708984s
round8: 33 0.00857234001159668s
round9: 33 0.008520126342773438s
