round0: 0 0.004416704177856445s
round1: 0 0.005390644073486328s
round2: 0 0.007029294967651367s
round3: 0 0.008945226669311523s
round4: 0 0.0067806243896484375s
round5: 0 0.00709986686706543s
round6: 0 0.007734537124633789s
round7: 0 0.007764101028442383s
round8: 0 0.008873701095581055s
round9: 0 0.008634567260742188s
