round0: 0 0.009913444519042969s
round1: 0 0.007773876190185547s
round2: 0 0.00981283187866211s
round3: 0 0.008948087692260742s
round4: 0 0.009621143341064453s
round5: 0 0.009554147720336914s
round6: 0 0.009682178497314453s
round7: 0 0.01038503646850586s
round8: 0 0.010020971298217773s
round9: 0 0.00990605354309082s
