round0: 0 0.009746789932250977s
round1: 0 0.010048627853393555s
round2: 0 0.01432657241821289s
round3: 0 0.01040339469909668s
round4: 0 0.010345458984375s
round5: 0 0.010193109512329102s
round6: 0 0.010784149169921875s
round7: 0 0.01107025146484375s
round8: 0 0.01087188720703125s
round9: 0 0.010565996170043945s
