round0: 3387 0.1810009479522705s
round1: 3384 0.17950105667114258s
round2: 3372 0.18566250801086426s
round3: 3381 0.18913483619689941s
round4: 3405 0.18558883666992188s
round5: 3357 0.18630003929138184s
round6: 3384 0.19155144691467285s
round7: 3366 0.18424391746520996s
round8: 3381 0.1806778907775879s
round9: 3363 0.18772101402282715s
