round0: 21 0.007264614105224609s
round1: 21 0.00726008415222168s
round2: 18 0.007184743881225586s
round3: 21 0.0072002410888671875s
round4: 21 0.007218599319458008s
round5: 21 0.00746607780456543s
round6: 21 0.007330417633056641s
round7: 21 0.007414340972900391s
round8: 21 0.007318019866943359s
round9: 21 0.007411003112792969s
