round0: 54 0.016895055770874023s
round1: 57 0.01579904556274414s
round2: 57 0.016373157501220703s
round3: 69 0.01645064353942871s
round4: 60 0.015285491943359375s
round5: 60 0.016342878341674805s
round6: 54 0.01634812355041504s
round7: 51 0.01551198959350586s
round8: 63 0.016611814498901367s
round9: 60 0.015602350234985352s
