round0: 201 0.04217100143432617s
round1: 210 0.040039777755737305s
round2: 204 0.03978848457336426s
round3: 198 0.04563426971435547s
round4: 189 0.03870391845703125s
round5: 210 0.03985023498535156s
round6: 192 0.03929758071899414s
round7: 207 0.0419001579284668s
round8: 201 0.037155866622924805s
round9: 189 0.041985273361206055s
