round0: 123 0.028779029846191406s
round1: 117 0.02661871910095215s
round2: 123 0.028888940811157227s
round3: 117 0.025367021560668945s
round4: 126 0.028376102447509766s
round5: 120 0.027541399002075195s
round6: 114 0.026164531707763672s
round7: 120 0.02556157112121582s
round8: 111 0.026122331619262695s
round9: 117 0.026697397232055664s
