round0: 348 0.04298806190490723s
round1: 354 0.06180381774902344s
round2: 351 0.05368328094482422s
round3: 348 0.06097817420959473s
round4: 354 0.05883598327636719s
round5: 351 0.06361079216003418s
round6: 342 0.0612640380859375s
round7: 330 0.06235647201538086s
round8: 348 0.06140470504760742s
round9: 351 0.06119203567504883s
