round0: 2301 0.18549084663391113s
round1: 2313 0.15673446655273438s
round2: 2310 0.150665283203125s
round3: 2316 0.14809942245483398s
round4: 2307 0.13420939445495605s
round5: 2316 0.13939523696899414s
round6: 2325 0.14190053939819336s
round7: 2295 0.14280986785888672s
round8: 2331 0.14431166648864746s
round9: 2313 0.14416003227233887s
