round0: 3807 0.24643564224243164s
round1: 3771 0.22432422637939453s
round2: 3798 0.21780610084533691s
round3: 3801 0.24617838859558105s
round4: 3792 0.2513136863708496s
round5: 3765 0.2506833076477051s
round6: 3771 0.26044797897338867s
round7: 3819 0.26543116569519043s
round8: 3816 0.2752420902252197s
round9: 3825 0.2581613063812256s
