round0: 10077 0.557957649230957s
round1: 10056 0.5189344882965088s
round2: 10032 0.5298874378204346s
round3: 10017 0.5224759578704834s
round4: 10026 0.5212297439575195s
round5: 10083 0.5157268047332764s
round6: 10020 0.5129773616790771s
round7: 10050 0.5179619789123535s
round8: 10008 0.5157554149627686s
round9: 10071 0.5191373825073242s
