round0: 228 0.01732325553894043s
round1: 219 0.02632451057434082s
round2: 219 0.038207054138183594s
round3: 219 0.03481268882751465s
round4: 219 0.03502941131591797s
round5: 219 0.03918862342834473s
round6: 228 0.0422978401184082s
round7: 228 0.04214119911193848s
round8: 225 0.03922533988952637s
round9: 228 0.04119420051574707s
