round0: 7359 0.3838691711425781s
round1: 7329 0.3805670738220215s
round2: 7308 0.3785243034362793s
round3: 7305 0.38465023040771484s
round4: 7320 0.3744344711303711s
round5: 7269 0.38345956802368164s
round6: 7281 0.3879983425140381s
round7: 7332 0.38207173347473145s
round8: 7296 0.377514123916626s
round9: 7329 0.38570284843444824s
