round0: 5337 0.35045599937438965s
round1: 5325 0.34403181076049805s
round2: 5325 0.35377955436706543s
round3: 5307 0.322784423828125s
round4: 5337 0.2923877239227295s
round5: 5283 0.2902536392211914s
round6: 5256 0.2965836524963379s
round7: 5313 0.29212522506713867s
round8: 5280 0.3040125370025635s
round9: 5334 0.2947883605957031s
