round0: 2688 0.1524209976196289s
round1: 2673 0.14979958534240723s
round2: 2697 0.1538677215576172s
round3: 2682 0.15178251266479492s
round4: 2703 0.1525402069091797s
round5: 2682 0.15010929107666016s
round6: 2697 0.14167428016662598s
round7: 2697 0.14460158348083496s
round8: 2697 0.15056252479553223s
round9: 2682 0.14957666397094727s
