round0: 25830 1.3344626426696777s
round1: 25764 1.3089017868041992s
round2: 25731 1.3250575065612793s
round3: 25815 1.3079814910888672s
round4: 25875 1.3069767951965332s
round5: 25689 1.2726771831512451s
round6: 25779 1.2861998081207275s
round7: 25800 1.316056489944458s
round8: 25716 1.3203792572021484s
round9: 25833 1.3188190460205078s
