round0: 2157 0.12132072448730469s
round1: 2148 0.1392502784729004s
round2: 2181 0.13117218017578125s
round3: 2151 0.1362602710723877s
round4: 2157 0.14648675918579102s
round5: 2175 0.14562439918518066s
round6: 2157 0.15127968788146973s
round7: 2124 0.15082693099975586s
round8: 2178 0.13095784187316895s
round9: 2175 0.14044594764709473s
