round0: 54 0.012056112289428711s
round1: 66 0.012340307235717773s
round2: 63 0.012219905853271484s
round3: 66 0.012407064437866211s
round4: 72 0.013225078582763672s
round5: 60 0.012379884719848633s
round6: 69 0.012666940689086914s
round7: 60 0.012507915496826172s
round8: 60 0.011991024017333984s
round9: 66 0.012839794158935547s
