round0: 978 0.050519466400146484s
round1: 924 0.047241926193237305s
round2: 999 0.05288243293762207s
round3: 963 0.05297040939331055s
round4: 1005 0.051781654357910156s
round5: 960 0.04984760284423828s
round6: 972 0.0580592155456543s
round7: 939 0.04733562469482422s
round8: 957 0.04932379722595215s
round9: 990 0.04880499839782715s
