round0: 375 0.03236269950866699s
round1: 366 0.0258028507232666s
round2: 402 0.027420520782470703s
round3: 426 0.026361703872680664s
round4: 348 0.026203155517578125s
round5: 393 0.0265805721282959s
round6: 378 0.02545166015625s
round7: 399 0.02638554573059082s
round8: 414 0.028882503509521484s
round9: 396 0.026799917221069336s
