round0: 57 0.01345968246459961s
round1: 57 0.011968135833740234s
round2: 57 0.011867523193359375s
round3: 54 0.012847661972045898s
round4: 63 0.016443490982055664s
round5: 54 0.015480756759643555s
round6: 57 0.011639595031738281s
round7: 57 0.012604475021362305s
round8: 57 0.017492055892944336s
round9: 57 0.015486955642700195s
