round0: 138 0.013359546661376953s
round1: 132 0.013253211975097656s
round2: 144 0.013219833374023438s
round3: 120 0.013068914413452148s
round4: 150 0.013997077941894531s
round5: 144 0.013460636138916016s
round6: 132 0.013374567031860352s
round7: 135 0.013111114501953125s
round8: 114 0.01413106918334961s
round9: 132 0.013076066970825195s
