round0: 45 0.010407447814941406s
round1: 54 0.011094093322753906s
round2: 57 0.011305809020996094s
round3: 63 0.011323690414428711s
round4: 63 0.01308894157409668s
round5: 57 0.011292219161987305s
round6: 63 0.012024164199829102s
round7: 54 0.011108636856079102s
round8: 69 0.011359214782714844s
round9: 45 0.009841442108154297s
