round0: 27 0.010447978973388672s
round1: 21 0.01021575927734375s
round2: 18 0.01017451286315918s
round3: 18 0.010227441787719727s
round4: 33 0.01039576530456543s
round5: 24 0.01028895378112793s
round6: 21 0.01088571548461914s
round7: 36 0.010354042053222656s
round8: 39 0.010360479354858398s
round9: 33 0.010234355926513672s
