round0: 111 0.013534069061279297s
round1: 108 0.014429092407226562s
round2: 99 0.018258094787597656s
round3: 117 0.014555692672729492s
round4: 126 0.013922929763793945s
round5: 129 0.011959075927734375s
round6: 114 0.01208806037902832s
round7: 123 0.012253761291503906s
round8: 123 0.011807918548583984s
round9: 120 0.012255430221557617s
