round0: 72 0.012691020965576172s
round1: 66 0.012449979782104492s
round2: 78 0.013111352920532227s
round3: 72 0.012642860412597656s
round4: 69 0.012732982635498047s
round5: 66 0.01253652572631836s
round6: 84 0.014540910720825195s
round7: 75 0.012923955917358398s
round8: 81 0.01341557502746582s
round9: 60 0.012244939804077148s
