round0: 21723 1.1123812198638916s
round1: 21912 0.9854085445404053s
round2: 20913 0.9978494644165039s
round3: 21186 1.0057401657104492s
round4: 20820 0.942206859588623s
round5: 20154 0.9311559200286865s
round6: 21837 0.9994781017303467s
round7: 21525 0.9872157573699951s
round8: 22899 1.0384678840637207s
round9: 20499 0.8270142078399658s
