round0: 216 0.018552303314208984s
round1: 219 0.017806529998779297s
round2: 225 0.018377065658569336s
round3: 228 0.01855015754699707s
round4: 228 0.019397974014282227s
round5: 219 0.017991304397583008s
round6: 213 0.017786264419555664s
round7: 228 0.017991304397583008s
round8: 255 0.018133163452148438s
round9: 249 0.01828789710998535s
