round0: 222 0.02075672149658203s
round1: 225 0.019388675689697266s
round2: 219 0.02249884605407715s
round3: 225 0.019684314727783203s
round4: 237 0.020999670028686523s
round5: 219 0.02084803581237793s
round6: 249 0.020111560821533203s
round7: 222 0.02043318748474121s
round8: 228 0.019676685333251953s
round9: 213 0.019853830337524414s
