round0: 75 0.013521909713745117s
round1: 72 0.012953758239746094s
round2: 75 0.012934684753417969s
round3: 75 0.01288747787475586s
round4: 72 0.013077259063720703s
round5: 75 0.012906789779663086s
round6: 69 0.012813806533813477s
round7: 72 0.01282048225402832s
round8: 75 0.013728618621826172s
round9: 75 0.013211727142333984s
