round0: 1056 0.057801008224487305s
round1: 1065 0.05320310592651367s
round2: 1056 0.05694770812988281s
round3: 1017 0.055219173431396484s
round4: 1083 0.05682086944580078s
round5: 1023 0.05525016784667969s
round6: 1038 0.05574345588684082s
round7: 1065 0.055753469467163086s
round8: 1050 0.05647873878479004s
round9: 1071 0.05688023567199707s
