round0: 1965 0.09879302978515625s
round1: 1851 0.09510135650634766s
round2: 1875 0.09249448776245117s
round3: 1938 0.08948707580566406s
round4: 1890 0.08863091468811035s
round5: 1938 0.08140850067138672s
round6: 1890 0.0904080867767334s
round7: 1797 0.08123254776000977s
round8: 1908 0.08268189430236816s
round9: 1935 0.08558893203735352s
