round0: 3591 0.1567671298980713s
round1: 3585 0.15044021606445312s
round2: 3633 0.14027881622314453s
round3: 3645 0.14014029502868652s
round4: 3480 0.15007758140563965s
round5: 3465 0.15804529190063477s
round6: 3630 0.14645719528198242s
round7: 3573 0.1567854881286621s
round8: 3327 0.16821742057800293s
round9: 3489 0.16831707954406738s
