round0: 1989 0.09266114234924316s
round1: 1974 0.10512876510620117s
round2: 1890 0.09205913543701172s
round3: 1905 0.08285856246948242s
round4: 1923 0.0982825756072998s
round5: 1869 0.09523797035217285s
round6: 1971 0.09415197372436523s
round7: 1920 0.0932149887084961s
round8: 1950 0.09589481353759766s
round9: 1872 0.09064579010009766s
