round0: 156 0.016107797622680664s
round1: 144 0.016533374786376953s
round2: 144 0.01634526252746582s
round3: 156 0.016231536865234375s
round4: 183 0.01711559295654297s
round5: 174 0.016651630401611328s
round6: 156 0.01739645004272461s
round7: 150 0.015836715698242188s
round8: 153 0.016109943389892578s
round9: 147 0.016087770462036133s
