round0: 423 0.02999711036682129s
round1: 474 0.029425859451293945s
round2: 489 0.030024290084838867s
round3: 456 0.028326749801635742s
round4: 456 0.0302736759185791s
round5: 447 0.028554677963256836s
round6: 480 0.028896331787109375s
round7: 459 0.02938222885131836s
round8: 480 0.029438018798828125s
round9: 477 0.029173851013183594s
