round0: 3309 0.16777944564819336s
round1: 3444 0.15235471725463867s
round2: 3432 0.1530303955078125s
round3: 3396 0.15285730361938477s
round4: 3489 0.1430368423461914s
round5: 3363 0.1441504955291748s
round6: 3252 0.1545090675354004s
round7: 3255 0.14369535446166992s
round8: 3369 0.12591171264648438s
round9: 3336 0.1284313201904297s
