round0: 474 0.02524280548095703s
round1: 456 0.02526688575744629s
round2: 465 0.025328636169433594s
round3: 489 0.02779698371887207s
round4: 486 0.028303861618041992s
round5: 468 0.029920578002929688s
round6: 462 0.029985904693603516s
round7: 438 0.028368711471557617s
round8: 480 0.030675172805786133s
round9: 456 0.026760578155517578s
