round0: 1131 0.05048370361328125s
round1: 1125 0.051334381103515625s
round2: 1122 0.054524898529052734s
round3: 1125 0.054749488830566406s
round4: 1041 0.056491851806640625s
round5: 1128 0.05532717704772949s
round6: 1122 0.0597383975982666s
round7: 1092 0.05617690086364746s
round8: 1080 0.054232120513916016s
round9: 1047 0.04897451400756836s
