round0: 117 0.012671232223510742s
round1: 108 0.012235164642333984s
round2: 123 0.01615762710571289s
round3: 135 0.01243138313293457s
round4: 135 0.012790918350219727s
round5: 114 0.012382745742797852s
round6: 129 0.012663602828979492s
round7: 111 0.01494598388671875s
round8: 129 0.014425992965698242s
round9: 129 0.014346122741699219s
