round0: 18 0.011048555374145508s
round1: 24 0.011307001113891602s
round2: 15 0.01040792465209961s
round3: 12 0.010462760925292969s
round4: 30 0.012053728103637695s
round5: 18 0.011104345321655273s
round6: 21 0.011346578598022461s
round7: 24 0.009087085723876953s
round8: 24 0.00945734977722168s
round9: 15 0.009711265563964844s
