round0: 3 0.011963605880737305s
round1: 6 0.007956504821777344s
round2: 0 0.007679462432861328s
round3: 6 0.007805585861206055s
round4: 6 0.00783681869506836s
round5: 6 0.007889509201049805s
round6: 3 0.007870197296142578s
round7: 3 0.007765531539916992s
round8: 6 0.00815725326538086s
round9: 3 0.008564233779907227s
