round0: 693 0.04670381546020508s
round1: 309 0.033690690994262695s
round2: 315 0.033638715744018555s
round3: 687 0.05215930938720703s
round4: 678 0.05905866622924805s
round5: 309 0.03743433952331543s
round6: 315 0.04402637481689453s
round7: 726 0.05869436264038086s
round8: 309 0.041994571685791016s
round9: 714 0.054454803466796875s
