round0: 2151 0.07816267013549805s
round1: 2097 0.07335019111633301s
round2: 2223 0.07656455039978027s
round3: 2226 0.06885147094726562s
round4: 2073 0.0716252326965332s
round5: 2139 0.07445788383483887s
round6: 2121 0.06790566444396973s
round7: 2181 0.06948089599609375s
round8: 2232 0.0685887336730957s
round9: 2106 0.07232379913330078s
