round0: 678 0.04610252380371094s
round1: 696 0.04525899887084961s
round2: 708 0.039051055908203125s
round3: 690 0.038726091384887695s
round4: 717 0.04036760330200195s
round5: 735 0.042034149169921875s
round6: 717 0.03881573677062988s
round7: 708 0.03942513465881348s
round8: 708 0.03930068016052246s
round9: 693 0.037538766860961914s
