round0: 702 0.031058311462402344s
round1: 663 0.03393983840942383s
round2: 639 0.03783106803894043s
round3: 696 0.04059004783630371s
round4: 678 0.03925800323486328s
round5: 678 0.039554595947265625s
round6: 687 0.03901100158691406s
round7: 654 0.0388789176940918s
round8: 660 0.03742027282714844s
round9: 681 0.039498329162597656s
