round0: 3483 0.1355884075164795s
round1: 3345 0.11314988136291504s
round2: 3510 0.11247539520263672s
round3: 3408 0.11349987983703613s
round4: 3420 0.11490774154663086s
round5: 3516 0.11680793762207031s
round6: 3492 0.11058449745178223s
round7: 3396 0.10636544227600098s
round8: 3513 0.11363363265991211s
round9: 3378 0.11529731750488281s
