round0: 786 0.031848907470703125s
round1: 759 0.040899038314819336s
round2: 720 0.04671072959899902s
round3: 765 0.04810500144958496s
round4: 789 0.05893993377685547s
round5: 810 0.04592704772949219s
round6: 792 0.04645943641662598s
round7: 771 0.049404144287109375s
round8: 750 0.05724692344665527s
round9: 810 0.046662092208862305s
