round0: 78 0.014075279235839844s
round1: 72 0.013129234313964844s
round2: 159 0.02163219451904297s
round3: 159 0.02315211296081543s
round4: 72 0.023739099502563477s
round5: 210 0.026734352111816406s
round6: 165 0.025097131729125977s
round7: 72 0.02407979965209961s
round8: 207 0.026804685592651367s
round9: 159 0.025979042053222656s
