round0: 441 0.0184175968170166s
round1: 426 0.02999424934387207s
round2: 399 0.023793935775756836s
round3: 414 0.027785778045654297s
round4: 441 0.02831101417541504s
round5: 423 0.027915477752685547s
round6: 441 0.028367042541503906s
round7: 450 0.029883384704589844s
round8: 429 0.02730250358581543s
round9: 423 0.02816176414489746s
