round0: 651 0.03250598907470703s
round1: 618 0.028311491012573242s
round2: 612 0.03424072265625s
round3: 624 0.03712034225463867s
round4: 627 0.03675675392150879s
round5: 627 0.03744101524353027s
round6: 693 0.03906130790710449s
round7: 627 0.03672051429748535s
round8: 657 0.03865456581115723s
round9: 621 0.03624105453491211s
