round0: 1404 0.06930327415466309s
round1: 1416 0.06612753868103027s
round2: 1395 0.05782628059387207s
round3: 1359 0.055112600326538086s
round4: 1362 0.06399846076965332s
round5: 1407 0.056410789489746094s
round6: 1380 0.06019783020019531s
round7: 1440 0.061742305755615234s
round8: 1374 0.05770301818847656s
round9: 1323 0.05348992347717285s
