round0: 336 0.023733139038085938s
round1: 264 0.026153087615966797s
round2: 318 0.030382156372070312s
round3: 264 0.03277087211608887s
round4: 171 0.025142669677734375s
round5: 171 0.03116321563720703s
round6: 333 0.032293081283569336s
round7: 270 0.032352447509765625s
round8: 318 0.033547401428222656s
round9: 318 0.034184932708740234s
