round0: 432 0.03876829147338867s
round1: 375 0.04637455940246582s
round2: 312 0.0349276065826416s
round3: 306 0.04125261306762695s
round4: 366 0.035613059997558594s
round5: 270 0.033843040466308594s
round6: 414 0.04715991020202637s
round7: 279 0.039965152740478516s
round8: 390 0.037889957427978516s
round9: 354 0.0346224308013916s
