round0: 438 0.02944159507751465s
round1: 453 0.030110836029052734s
round2: 381 0.028904438018798828s
round3: 450 0.03472471237182617s
round4: 357 0.03652358055114746s
round5: 435 0.03972458839416504s
round6: 411 0.03756523132324219s
round7: 387 0.032343149185180664s
round8: 381 0.03693985939025879s
round9: 423 0.03694868087768555s
