round0: 45 0.014252424240112305s
round1: 45 0.013885974884033203s
round2: 45 0.025211095809936523s
round3: 45 0.016365528106689453s
round4: 45 0.016435861587524414s
round5: 45 0.015820741653442383s
round6: 45 0.0742795467376709s
round7: 45 0.01820683479309082s
round8: 45 0.017117977142333984s
round9: 45 0.016577720642089844s
