round0: 24 0.014197111129760742s
round1: 24 0.016330957412719727s
round2: 24 0.016958236694335938s
round3: 24 0.016377925872802734s
round4: 24 0.01618814468383789s
round5: 24 0.01582479476928711s
round6: 24 0.01555323600769043s
round7: 24 0.015506982803344727s
round8: 24 0.013255596160888672s
round9: 24 0.012978076934814453s
