round0: 16209 0.5068705081939697s
round1: 16122 0.48749732971191406s
round2: 16506 0.5132575035095215s
round3: 16269 0.5044090747833252s
round4: 16230 0.49257540702819824s
round5: 16164 0.4855995178222656s
round6: 16431 0.4809911251068115s
round7: 16014 0.47838258743286133s
round8: 16494 0.48582911491394043s
round9: 15999 0.4721953868865967s
