round0: 33 0.016506433486938477s
round1: 33 0.019008636474609375s
round2: 33 0.016545534133911133s
round3: 33 0.016312837600708008s
round4: 33 0.016274213790893555s
round5: 33 0.017055511474609375s
round6: 33 0.016499757766723633s
round7: 33 0.016382694244384766s
round8: 33 0.01647663116455078s
round9: 33 0.016956567764282227s
