round0: 4005 0.16585755348205566s
round1: 4083 0.16619181632995605s
round2: 4131 0.1698932647705078s
round3: 4083 0.16589593887329102s
round4: 4104 0.1462416648864746s
round5: 4026 0.14916610717773438s
round6: 4134 0.16102027893066406s
round7: 4056 0.15857267379760742s
round8: 4185 0.1674349308013916s
round9: 4104 0.1689929962158203s
