round0: 21 0.013614892959594727s
round1: 21 0.029613018035888672s
round2: 21 0.013402462005615234s
round3: 21 0.013184785842895508s
round4: 24 0.013985633850097656s
round5: 24 0.04420804977416992s
round6: 24 0.0138702392578125s
round7: 24 0.01341700553894043s
round8: 24 0.01306915283203125s
round9: 24 0.013437032699584961s
