round0: 213 0.021230220794677734s
round1: 234 0.023299455642700195s
round2: 225 0.021721839904785156s
round3: 216 0.022022008895874023s
round4: 219 0.021527528762817383s
round5: 225 0.021287202835083008s
round6: 237 0.022263050079345703s
round7: 228 0.021765708923339844s
round8: 231 0.021498680114746094s
round9: 204 0.021331787109375s
