round0: 372 0.0266110897064209s
round1: 354 0.0258634090423584s
round2: 366 0.026481151580810547s
round3: 360 0.02590036392211914s
round4: 366 0.025874853134155273s
round5: 375 0.026645421981811523s
round6: 363 0.02632308006286621s
round7: 360 0.026086091995239258s
round8: 357 0.026697158813476562s
round9: 354 0.025031328201293945s
