round0: 7017 0.22609710693359375s
round1: 7239 0.2514777183532715s
round2: 6945 0.23961877822875977s
round3: 7218 0.2586672306060791s
round4: 7104 0.25490832328796387s
round5: 6906 0.2518763542175293s
round6: 6966 0.25478529930114746s
round7: 7011 0.2547266483306885s
round8: 6756 0.24944043159484863s
round9: 6954 0.24850130081176758s
