round0: 3054 0.1337592601776123s
round1: 3054 0.13634824752807617s
round2: 3093 0.13222932815551758s
round3: 3084 0.14002561569213867s
round4: 3060 0.13685846328735352s
round5: 3090 0.1400775909423828s
round6: 3057 0.13575053215026855s
round7: 3072 0.13457345962524414s
round8: 3087 0.13503766059875488s
round9: 3057 0.13750863075256348s
