round0: 57 0.017002344131469727s
round1: 54 0.016954421997070312s
round2: 54 0.01880025863647461s
round3: 60 0.016821861267089844s
round4: 66 0.016797304153442383s
round5: 60 0.016850709915161133s
round6: 57 0.017209529876708984s
round7: 63 0.01682424545288086s
round8: 57 0.018230438232421875s
round9: 60 0.01709890365600586s
