round0: 840 0.11400818824768066s
round1: 891 0.1038668155670166s
round2: 900 0.10277819633483887s
round3: 915 0.10198426246643066s
round4: 891 0.09857630729675293s
round5: 882 0.09885740280151367s
round6: 864 0.09579849243164062s
round7: 900 0.09936261177062988s
round8: 897 0.10071372985839844s
round9: 924 0.10471224784851074s
