round0: 1665 0.16020727157592773s
round1: 1686 0.12103414535522461s
round2: 1665 0.11994600296020508s
round3: 1710 0.11808514595031738s
round4: 1707 0.1104269027709961s
round5: 1629 0.10750722885131836s
round6: 1680 0.11402535438537598s
round7: 1665 0.1118462085723877s
round8: 1707 0.11167669296264648s
round9: 1662 0.11540770530700684s
