round0: 348 0.039978742599487305s
round1: 369 0.05532646179199219s
round2: 345 0.05727958679199219s
round3: 345 0.0588536262512207s
round4: 363 0.05499720573425293s
round5: 351 0.05704021453857422s
round6: 357 0.05968594551086426s
round7: 360 0.05827498435974121s
round8: 357 0.05450272560119629s
round9: 354 0.05616426467895508s
