round0: 2697 0.20164752006530762s
round1: 2703 0.19517922401428223s
round2: 2691 0.19062018394470215s
round3: 2649 0.18760204315185547s
round4: 2667 0.19954466819763184s
round5: 2700 0.1970508098602295s
round6: 2715 0.19404888153076172s
round7: 2667 0.19127416610717773s
round8: 2736 0.19848346710205078s
round9: 2646 0.19561457633972168s
