round0: 96 0.016153573989868164s
round1: 99 0.01699209213256836s
round2: 75 0.016774892807006836s
round3: 96 0.016629457473754883s
round4: 99 0.016210556030273438s
round5: 117 0.016499042510986328s
round6: 96 0.01569652557373047s
round7: 96 0.016783952713012695s
round8: 120 0.016234874725341797s
round9: 93 0.016233205795288086s
