round0: 54 0.009500741958618164s
round1: 54 0.011228799819946289s
round2: 54 0.012027740478515625s
round3: 54 0.012108087539672852s
round4: 54 0.011954307556152344s
round5: 57 0.012015819549560547s
round6: 54 0.011893272399902344s
round7: 45 0.012130260467529297s
round8: 42 0.011862993240356445s
round9: 57 0.012462854385375977s
