round0: 144 0.011574029922485352s
round1: 108 0.015101432800292969s
round2: 144 0.0178372859954834s
round3: 147 0.020479679107666016s
round4: 144 0.020383358001708984s
round5: 147 0.015017271041870117s
round6: 132 0.01954817771911621s
round7: 156 0.017263174057006836s
round8: 162 0.021053314208984375s
round9: 147 0.016219615936279297s
