round0: 24 0.008093833923339844s
round1: 30 0.0077817440032958984s
round2: 27 0.007588863372802734s
round3: 27 0.008020877838134766s
round4: 30 0.008348703384399414s
round5: 27 0.008326292037963867s
round6: 30 0.008271455764770508s
round7: 27 0.007895708084106445s
round8: 24 0.007825613021850586s
round9: 24 0.008160591125488281s
