round0: 6 0.0062122344970703125s
round1: 6 0.0061855316162109375s
round2: 6 0.006155490875244141s
round3: 6 0.0061342716217041016s
round4: 6 0.006326436996459961s
round5: 6 0.006402254104614258s
round6: 6 0.006117582321166992s
round7: 6 0.006194591522216797s
round8: 6 0.006196022033691406s
round9: 6 0.00647425651550293s
