round0: 66 0.014134407043457031s
round1: 54 0.013573408126831055s
round2: 57 0.014557123184204102s
round3: 54 0.013487815856933594s
round4: 60 0.013952016830444336s
round5: 69 0.014237642288208008s
round6: 66 0.014402151107788086s
round7: 66 0.014312267303466797s
round8: 69 0.014049053192138672s
round9: 57 0.01417684555053711s
