round0: 0 0.004369020462036133s
round1: 0 0.0056154727935791016s
round2: 0 0.005733489990234375s
round3: 3 0.005836009979248047s
round4: 3 0.005835056304931641s
round5: 0 0.005944490432739258s
round6: 0 0.005833625793457031s
round7: 0 0.005780458450317383s
round8: 3 0.005773305892944336s
round9: 3 0.00577855110168457s
