round0: 12 0.005756855010986328s
round1: 6 0.006110668182373047s
round2: 15 0.005274534225463867s
round3: 9 0.007064104080200195s
round4: 12 0.0066013336181640625s
round5: 12 0.006385326385498047s
round6: 9 0.00669550895690918s
round7: 9 0.006024360656738281s
round8: 12 0.004767894744873047s
round9: 6 0.004270315170288086s
