round0: 45 0.011094093322753906s
round1: 45 0.01204681396484375s
round2: 45 0.012028694152832031s
round3: 33 0.011472940444946289s
round4: 39 0.012198686599731445s
round5: 42 0.01165461540222168s
round6: 39 0.012053966522216797s
round7: 51 0.012054204940795898s
round8: 39 0.011428356170654297s
round9: 45 0.011701345443725586s
