round0: 24 0.007923126220703125s
round1: 27 0.008539438247680664s
round2: 24 0.009147882461547852s
round3: 18 0.014387369155883789s
round4: 24 0.009615659713745117s
round5: 27 0.009567499160766602s
round6: 21 0.009368419647216797s
round7: 24 0.009427785873413086s
round8: 24 0.009775400161743164s
round9: 24 0.009267807006835938s
