round0: 27 0.00610804557800293s
round1: 27 0.008322000503540039s
round2: 27 0.009790658950805664s
round3: 18 0.010016441345214844s
round4: 18 0.009862899780273438s
round5: 21 0.009822607040405273s
round6: 21 0.009984493255615234s
round7: 21 0.008943557739257812s
round8: 21 0.008890151977539062s
round9: 15 0.00948786735534668s
