round0: 57 0.012183189392089844s
round1: 39 0.01010894775390625s
round2: 51 0.013628005981445312s
round3: 48 0.012530803680419922s
round4: 57 0.013158559799194336s
round5: 60 0.015516281127929688s
round6: 63 0.01436305046081543s
round7: 69 0.014365196228027344s
round8: 60 0.01441502571105957s
round9: 60 0.015988826751708984s
