round0: 0 0.0026655197143554688s
round1: 0 0.002851247787475586s
round2: 6 0.0032482147216796875s
round3: 6 0.0036230087280273438s
round4: 0 0.004971742630004883s
round5: 3 0.005690813064575195s
round6: 6 0.005693674087524414s
round7: 0 0.005786418914794922s
round8: 3 0.005782365798950195s
round9: 3 0.0058438777923583984s
