round0: 30 0.012313365936279297s
round1: 33 0.013363361358642578s
round2: 33 0.013073205947875977s
round3: 30 0.012210845947265625s
round4: 36 0.013019561767578125s
round5: 42 0.013080358505249023s
round6: 27 0.014166593551635742s
round7: 33 0.013380289077758789s
round8: 24 0.014175176620483398s
round9: 36 0.012648344039916992s
