round0: 12 0.007178306579589844s
round1: 3 0.007816076278686523s
round2: 9 0.007277488708496094s
round3: 12 0.007572650909423828s
round4: 6 0.0074634552001953125s
round5: 12 0.009039640426635742s
round6: 15 0.007992267608642578s
round7: 12 0.008085012435913086s
round8: 12 0.007708549499511719s
round9: 9 0.0071942806243896484s
