round0: 21420 1.2187552452087402s
round1: 21237 1.1882925033569336s
round2: 21606 1.187281608581543s
round3: 20388 1.1841564178466797s
round4: 21159 1.1874041557312012s
round5: 21939 1.1958041191101074s
round6: 21753 1.1987695693969727s
round7: 21036 1.1776707172393799s
round8: 21450 1.1706938743591309s
round9: 21042 1.160761833190918s
