round0: 210 0.021604537963867188s
round1: 210 0.030605792999267578s
round2: 213 0.029877185821533203s
round3: 213 0.028904199600219727s
round4: 210 0.031223773956298828s
round5: 216 0.028705596923828125s
round6: 198 0.029126644134521484s
round7: 210 0.033354997634887695s
round8: 204 0.03628110885620117s
round9: 219 0.036087751388549805s
