round0: 210 0.04232358932495117s
round1: 210 0.04335808753967285s
round2: 213 0.04252743721008301s
round3: 213 0.04232311248779297s
round4: 210 0.04326200485229492s
round5: 216 0.04316830635070801s
round6: 198 0.042423248291015625s
round7: 210 0.04448747634887695s
round8: 204 0.042626380920410156s
round9: 219 0.04478645324707031s
