round0: 9 0.007308244705200195s
round1: 9 0.007289886474609375s
round2: 9 0.007719278335571289s
round3: 9 0.0074040889739990234s
round4: 9 0.0072820186614990234s
round5: 9 0.00757288932800293s
round6: 9 0.007607698440551758s
round7: 9 0.0073201656341552734s
round8: 9 0.007334709167480469s
round9: 9 0.007545948028564453s
