round0: 387 0.036290884017944336s
round1: 408 0.0529322624206543s
round2: 378 0.0661306381225586s
round3: 381 0.07015466690063477s
round4: 375 0.06727957725524902s
round5: 381 0.06893301010131836s
round6: 402 0.06778264045715332s
round7: 417 0.06891202926635742s
round8: 381 0.0699605941772461s
round9: 396 0.07079839706420898s
