round0: 921 0.1048126220703125s
round1: 963 0.10045599937438965s
round2: 936 0.10103940963745117s
round3: 930 0.1033945083618164s
round4: 894 0.1064138412475586s
round5: 954 0.10915684700012207s
round6: 939 0.11058211326599121s
round7: 918 0.10698461532592773s
round8: 969 0.11140584945678711s
round9: 939 0.10643792152404785s
