round0: 2871 0.23253130912780762s
round1: 2949 0.22447705268859863s
round2: 2901 0.2127547264099121s
round3: 2916 0.2279832363128662s
round4: 2862 0.21968483924865723s
round5: 2931 0.22243213653564453s
round6: 2889 0.20660948753356934s
round7: 2850 0.20573949813842773s
round8: 2799 0.2127549648284912s
round9: 2877 0.22383952140808105s
