round0: 1773 0.16744518280029297s
round1: 1737 0.1256577968597412s
round2: 1800 0.13066625595092773s
round3: 1788 0.14873719215393066s
round4: 1770 0.1596219539642334s
round5: 1653 0.14679455757141113s
round6: 1719 0.13681435585021973s
round7: 1800 0.1334686279296875s
round8: 1824 0.12624788284301758s
round9: 1773 0.1250927448272705s
