round0: 69 0.01705336570739746s
round1: 63 0.01684284210205078s
round2: 69 0.018320083618164062s
round3: 69 0.018325328826904297s
round4: 72 0.01798272132873535s
round5: 63 0.01826024055480957s
round6: 69 0.017923593521118164s
round7: 60 0.01759481430053711s
round8: 75 0.018681764602661133s
round9: 72 0.018033742904663086s
