round0: 960 0.11127090454101562s
round1: 1002 0.09181070327758789s
round2: 981 0.09022212028503418s
round3: 954 0.08949851989746094s
round4: 987 0.09082674980163574s
round5: 981 0.0847024917602539s
round6: 987 0.07643485069274902s
round7: 999 0.07626032829284668s
round8: 984 0.08414268493652344s
round9: 996 0.08021330833435059s
