round0: 1809 0.16741132736206055s
round1: 1806 0.1632697582244873s
round2: 1782 0.14803814888000488s
round3: 1815 0.14686799049377441s
round4: 1851 0.1478898525238037s
round5: 1830 0.14800810813903809s
round6: 1836 0.14964652061462402s
round7: 1863 0.15071821212768555s
round8: 1878 0.1426544189453125s
round9: 1749 0.15288829803466797s
