round0: 2979 0.19589686393737793s
round1: 2976 0.19569063186645508s
round2: 2991 0.19855260848999023s
round3: 2973 0.1975870132446289s
round4: 2892 0.1952805519104004s
round5: 2988 0.1992790699005127s
round6: 2877 0.19484543800354004s
round7: 2901 0.1990675926208496s
round8: 2952 0.20765042304992676s
round9: 3033 0.19154071807861328s
