round0: 417 0.07237362861633301s
round1: 390 0.06444740295410156s
round2: 408 0.06149864196777344s
round3: 405 0.06905555725097656s
round4: 387 0.06507301330566406s
round5: 420 0.06794857978820801s
round6: 426 0.07060980796813965s
round7: 429 0.06709933280944824s
round8: 423 0.07106876373291016s
round9: 387 0.07105898857116699s
