round0: 78 0.020034313201904297s
round1: 75 0.01801156997680664s
round2: 87 0.018688201904296875s
round3: 75 0.01927971839904785s
round4: 72 0.01879096031188965s
round5: 78 0.018970012664794922s
round6: 81 0.01988506317138672s
round7: 75 0.01948714256286621s
round8: 84 0.019224166870117188s
round9: 81 0.01858663558959961s
