round0: 3432 0.27099156379699707s
round1: 3384 0.2388925552368164s
round2: 3525 0.2320690155029297s
round3: 3435 0.24005889892578125s
round4: 3372 0.24123406410217285s
round5: 3462 0.2310934066772461s
round6: 3354 0.2278308868408203s
round7: 3366 0.2322688102722168s
round8: 3414 0.2306365966796875s
round9: 3474 0.23814988136291504s
