round0: 1869 0.13212299346923828s
round1: 1842 0.15083932876586914s
round2: 1830 0.14702177047729492s
round3: 1833 0.1542978286743164s
round4: 1842 0.1552889347076416s
round5: 1821 0.14545822143554688s
round6: 1833 0.14300298690795898s
round7: 1857 0.14632248878479004s
round8: 1818 0.14702224731445312s
round9: 1884 0.1461193561553955s
