round0: 5574 0.40659070014953613s
round1: 5598 0.37772631645202637s
round2: 5583 0.3696928024291992s
round3: 5685 0.3849372863769531s
round4: 5649 0.368880033493042s
round5: 5424 0.3718740940093994s
round6: 5613 0.37884092330932617s
round7: 5604 0.3710319995880127s
round8: 5634 0.3706786632537842s
round9: 5562 0.3697829246520996s
