round0: 744 0.05485939979553223s
round1: 798 0.06495428085327148s
round2: 759 0.07129311561584473s
round3: 780 0.07297992706298828s
round4: 747 0.08879280090332031s
round5: 792 0.09049153327941895s
round6: 786 0.09000682830810547s
round7: 762 0.09439921379089355s
round8: 678 0.09523487091064453s
round9: 741 0.10594630241394043s
