round0: 129 0.026065349578857422s
round1: 153 0.029253005981445312s
round2: 147 0.030223846435546875s
round3: 153 0.032562971115112305s
round4: 141 0.03181171417236328s
round5: 159 0.03353285789489746s
round6: 153 0.03344392776489258s
round7: 147 0.030576705932617188s
round8: 147 0.028761863708496094s
round9: 150 0.02820873260498047s
