round0: 66 0.012059688568115234s
round1: 63 0.013505220413208008s
round2: 72 0.015587806701660156s
round3: 63 0.016932249069213867s
round4: 63 0.016691923141479492s
round5: 60 0.01665949821472168s
round6: 63 0.015845537185668945s
round7: 63 0.016078948974609375s
round8: 63 0.017601728439331055s
round9: 60 0.015765905380249023s
