round0: 1023 0.12567424774169922s
round1: 1026 0.11331033706665039s
round2: 1029 0.10657167434692383s
round3: 1035 0.11045670509338379s
round4: 993 0.10712528228759766s
round5: 1053 0.10539412498474121s
round6: 1011 0.10269379615783691s
round7: 1080 0.1069951057434082s
round8: 1041 0.10469388961791992s
round9: 1053 0.10797739028930664s
