round0: 429 0.07081031799316406s
round1: 420 0.06812357902526855s
round2: 447 0.06888771057128906s
round3: 414 0.06772232055664062s
round4: 426 0.06522154808044434s
round5: 441 0.06904911994934082s
round6: 432 0.07076692581176758s
round7: 432 0.06926321983337402s
round8: 435 0.07004404067993164s
round9: 411 0.06751298904418945s
