round0: 1941 0.12851333618164062s
round1: 1941 0.1381371021270752s
round2: 1935 0.13802385330200195s
round3: 1983 0.14893198013305664s
round4: 1938 0.1490004062652588s
round5: 1950 0.1502857208251953s
round6: 1983 0.16009116172790527s
round7: 1947 0.15955138206481934s
round8: 1938 0.1577439308166504s
round9: 1899 0.15686750411987305s
