round0: 3252 0.26138949394226074s
round1: 3231 0.19383716583251953s
round2: 3225 0.19780707359313965s
round3: 3150 0.20814156532287598s
round4: 3138 0.2129673957824707s
round5: 3156 0.2136681079864502s
round6: 3111 0.22366833686828613s
round7: 3210 0.2076122760772705s
round8: 3177 0.21167373657226562s
round9: 3213 0.2062244415283203s
