round0: 429 0.06844449043273926s
round1: 420 0.06792163848876953s
round2: 447 0.06814265251159668s
round3: 414 0.06627321243286133s
round4: 426 0.06615328788757324s
round5: 441 0.06844973564147949s
round6: 432 0.06801271438598633s
round7: 432 0.059325456619262695s
round8: 435 0.06322431564331055s
round9: 411 0.06024575233459473s
