round0: 3252 0.23998761177062988s
round1: 3231 0.21843600273132324s
round2: 3225 0.22269725799560547s
round3: 3150 0.228501558303833s
round4: 3138 0.22628211975097656s
round5: 3156 0.2288198471069336s
round6: 3111 0.21421217918395996s
round7: 3210 0.21971702575683594s
round8: 3177 0.23325061798095703s
round9: 3213 0.21060919761657715s
