round0: 1941 0.16502690315246582s
round1: 1941 0.1578066349029541s
round2: 1935 0.15621066093444824s
round3: 1983 0.15583229064941406s
round4: 1938 0.1493370532989502s
round5: 1950 0.1606907844543457s
round6: 1983 0.14876985549926758s
round7: 1947 0.14491677284240723s
round8: 1938 0.1452805995941162s
round9: 1899 0.1509394645690918s
