round0: 1029 0.08786678314208984s
round1: 1014 0.10465192794799805s
round2: 1002 0.1041872501373291s
round3: 1026 0.09915709495544434s
round4: 1068 0.10135698318481445s
round5: 1047 0.10879921913146973s
round6: 1059 0.11435246467590332s
round7: 1071 0.10112547874450684s
round8: 1071 0.10595440864562988s
round9: 999 0.10820865631103516s
