round0: 72 0.012159585952758789s
round1: 60 0.015769481658935547s
round2: 60 0.01805567741394043s
round3: 66 0.01672506332397461s
round4: 69 0.017394304275512695s
round5: 63 0.018403053283691406s
round6: 66 0.017896175384521484s
round7: 69 0.018099069595336914s
round8: 78 0.018380165100097656s
round9: 72 0.016584396362304688s
