round0: 10107 0.592972993850708s
round1: 10056 0.5682547092437744s
round2: 9630 0.5529670715332031s
round3: 9783 0.5777127742767334s
round4: 9867 0.551276445388794s
round5: 9948 0.5667126178741455s
round6: 10005 0.5688927173614502s
round7: 9744 0.5562229156494141s
round8: 9999 0.5583958625793457s
round9: 9876 0.5515725612640381s
