round0: 0 0.006400108337402344s
round1: 0 0.006371021270751953s
round2: 0 0.006467342376708984s
round3: 0 0.006508827209472656s
round4: 0 0.006503105163574219s
round5: 0 0.006144523620605469s
round6: 0 0.006096839904785156s
round7: 0 0.006456851959228516s
round8: 0 0.006273984909057617s
round9: 0 0.006328582763671875s
