round0: 0 0.006131172180175781s
round1: 0 0.005923271179199219s
round2: 0 0.004194498062133789s
round3: 0 0.0031578540802001953s
round4: 0 0.005674123764038086s
round5: 0 0.005030155181884766s
round6: 0 0.005143880844116211s
round7: 0 0.0048258304595947266s
round8: 0 0.004858970642089844s
round9: 0 0.004429817199707031s
