round0: 81 0.024915218353271484s
round1: 84 0.024746417999267578s
round2: 69 0.02382206916809082s
round3: 90 0.023272037506103516s
round4: 39 0.021026134490966797s
round5: 60 0.022667884826660156s
round6: 81 0.025027751922607422s
round7: 87 0.024052143096923828s
round8: 72 0.025931596755981445s
round9: 57 0.02313971519470215s
