round0: 6 0.005916595458984375s
round1: 0 0.0064165592193603516s
round2: 0 0.006112575531005859s
round3: 0 0.008454084396362305s
round4: 6 0.008517265319824219s
round5: 9 0.009054183959960938s
round6: 9 0.009061336517333984s
round7: 12 0.009416580200195312s
round8: 3 0.00872802734375s
round9: 6 0.00887155532836914s
