round0: 18 0.013263940811157227s
round1: 24 0.013480424880981445s
round2: 18 0.011449098587036133s
round3: 18 0.01195073127746582s
round4: 21 0.0111541748046875s
round5: 15 0.011504888534545898s
round6: 27 0.012552261352539062s
round7: 21 0.011430501937866211s
round8: 18 0.011192560195922852s
round9: 21 0.010748863220214844s
