round0: 39 0.008931636810302734s
round1: 27 0.013238668441772461s
round2: 36 0.01642608642578125s
round3: 36 0.01688528060913086s
round4: 27 0.016782045364379883s
round5: 45 0.017426490783691406s
round6: 45 0.017453432083129883s
round7: 33 0.0172576904296875s
round8: 39 0.016570568084716797s
round9: 36 0.014885902404785156s
