round0: 9 0.00730586051940918s
round1: 9 0.006678581237792969s
round2: 9 0.006716728210449219s
round3: 6 0.0066678524017333984s
round4: 6 0.007132530212402344s
round5: 6 0.00636744499206543s
round6: 6 0.0067636966705322266s
round7: 6 0.0068171024322509766s
round8: 9 0.00655674934387207s
round9: 9 0.007525205612182617s
