round0: 375 0.029528141021728516s
round1: 387 0.03006577491760254s
round2: 372 0.02922821044921875s
round3: 396 0.033455610275268555s
round4: 387 0.03365731239318848s
round5: 381 0.033571481704711914s
round6: 384 0.03446507453918457s
round7: 384 0.033348798751831055s
round8: 402 0.03313851356506348s
round9: 387 0.02938985824584961s
