round0: 3 0.008716106414794922s
round1: 3 0.007909536361694336s
round2: 3 0.00829625129699707s
round3: 3 0.007818460464477539s
round4: 3 0.008091211318969727s
round5: 3 0.007913827896118164s
round6: 3 0.0077855587005615234s
round7: 3 0.00910329818725586s
round8: 3 0.007850408554077148s
round9: 3 0.00788426399230957s
