round0: 366 0.0320887565612793s
round1: 354 0.033410072326660156s
round2: 366 0.03562498092651367s
round3: 372 0.03313922882080078s
round4: 387 0.03331303596496582s
round5: 363 0.03255629539489746s
round6: 354 0.03207802772521973s
round7: 369 0.0338892936706543s
round8: 375 0.0336606502532959s
round9: 369 0.032549381256103516s
