round0: 378 0.0353085994720459s
round1: 396 0.033568620681762695s
round2: 378 0.03331565856933594s
round3: 369 0.03244900703430176s
round4: 390 0.03283047676086426s
round5: 372 0.033333778381347656s
round6: 387 0.033616065979003906s
round7: 396 0.03209328651428223s
round8: 384 0.03371739387512207s
round9: 390 0.03302121162414551s
