round0: 171 0.016345977783203125s
round1: 153 0.0155181884765625s
round2: 171 0.016405820846557617s
round3: 141 0.017695188522338867s
round4: 147 0.018414735794067383s
round5: 171 0.020112037658691406s
round6: 168 0.018622398376464844s
round7: 159 0.01831841468811035s
round8: 168 0.02066206932067871s
round9: 153 0.0186002254486084s
