round0: 132 0.01569533348083496s
round1: 138 0.017128705978393555s
round2: 135 0.017897367477416992s
round3: 129 0.017601728439331055s
round4: 126 0.016735315322875977s
round5: 135 0.017482280731201172s
round6: 126 0.01907205581665039s
round7: 126 0.01874709129333496s
round8: 135 0.017868518829345703s
round9: 123 0.017605066299438477s
