round0: 147 0.016655445098876953s
round1: 159 0.016075849533081055s
round2: 171 0.015916109085083008s
round3: 159 0.01537942886352539s
round4: 153 0.015452861785888672s
round5: 150 0.01926875114440918s
round6: 165 0.01900339126586914s
round7: 159 0.018120288848876953s
round8: 156 0.021092653274536133s
round9: 153 0.01880025863647461s
