round0: 12 0.007993698120117188s
round1: 6 0.008014917373657227s
round2: 9 0.00773167610168457s
round3: 6 0.007959604263305664s
round4: 12 0.00808572769165039s
round5: 6 0.007905244827270508s
round6: 12 0.007924318313598633s
round7: 9 0.007905721664428711s
round8: 6 0.008100748062133789s
round9: 12 0.00941324234008789s
