round0: 408 0.030949831008911133s
round1: 402 0.028393983840942383s
round2: 369 0.02747654914855957s
round3: 369 0.02815556526184082s
round4: 396 0.03367304801940918s
round5: 387 0.03414654731750488s
round6: 411 0.03486967086791992s
round7: 372 0.034597158432006836s
round8: 378 0.032976627349853516s
round9: 393 0.03315448760986328s
