round0: 9 0.007344722747802734s
round1: 9 0.007393836975097656s
round2: 9 0.007505655288696289s
round3: 9 0.008137702941894531s
round4: 9 0.008059263229370117s
round5: 9 0.007994651794433594s
round6: 9 0.008050918579101562s
round7: 9 0.008085966110229492s
round8: 9 0.007948160171508789s
round9: 9 0.008265495300292969s
