round0: 114 0.016236066818237305s
round1: 105 0.014564037322998047s
round2: 105 0.014719486236572266s
round3: 102 0.014477014541625977s
round4: 123 0.014655351638793945s
round5: 105 0.015034914016723633s
round6: 120 0.01434779167175293s
round7: 123 0.015072107315063477s
round8: 105 0.014488935470581055s
round9: 117 0.01466989517211914s
