round0: 363 0.028032302856445312s
round1: 369 0.028066635131835938s
round2: 378 0.03220200538635254s
round3: 342 0.03157830238342285s
round4: 366 0.0319676399230957s
round5: 378 0.0326838493347168s
round6: 369 0.03549695014953613s
round7: 345 0.03303956985473633s
round8: 372 0.03048110008239746s
round9: 378 0.027841806411743164s
