round0: 138 0.017705202102661133s
round1: 129 0.017346620559692383s
round2: 120 0.014969348907470703s
round3: 135 0.015514135360717773s
round4: 123 0.016208171844482422s
round5: 117 0.014612436294555664s
round6: 132 0.014768123626708984s
round7: 120 0.015396833419799805s
round8: 126 0.015088319778442383s
round9: 141 0.015317440032958984s
