round0: 132 0.01844310760498047s
round1: 144 0.019344806671142578s
round2: 138 0.018581151962280273s
round3: 144 0.018253326416015625s
round4: 156 0.019747018814086914s
round5: 153 0.018198490142822266s
round6: 147 0.018440961837768555s
round7: 135 0.019704341888427734s
round8: 132 0.01798391342163086s
round9: 138 0.018634557723999023s
