round0: 9 0.007298707962036133s
round1: 9 0.006917238235473633s
round2: 9 0.006548404693603516s
round3: 6 0.0065135955810546875s
round4: 9 0.007189035415649414s
round5: 6 0.006651878356933594s
round6: 9 0.0066378116607666016s
round7: 9 0.0067288875579833984s
round8: 6 0.006487369537353516s
round9: 9 0.006607532501220703s
