round0: 150 0.019387245178222656s
round1: 150 0.01849365234375s
round2: 162 0.018648862838745117s
round3: 159 0.01860189437866211s
round4: 150 0.017981529235839844s
round5: 150 0.019412517547607422s
round6: 150 0.016502857208251953s
round7: 138 0.015074491500854492s
round8: 150 0.015113592147827148s
round9: 144 0.01583385467529297s
