round0: 372 0.031193256378173828s
round1: 393 0.028664588928222656s
round2: 348 0.029099464416503906s
round3: 372 0.0280609130859375s
round4: 375 0.032987356185913086s
round5: 375 0.034989356994628906s
round6: 366 0.03357219696044922s
round7: 372 0.03368735313415527s
round8: 378 0.031890153884887695s
round9: 369 0.03216552734375s
