round0: 45 0.00994253158569336s
round1: 45 0.013312339782714844s
round2: 45 0.015802621841430664s
round3: 45 0.016209840774536133s
round4: 45 0.017383098602294922s
round5: 45 0.018454551696777344s
round6: 45 0.018698453903198242s
round7: 45 0.01828598976135254s
round8: 45 0.01897120475769043s
round9: 45 0.019666671752929688s
