round0: 9 0.004850864410400391s
round1: 9 0.005280971527099609s
round2: 9 0.005660533905029297s
round3: 9 0.0055942535400390625s
round4: 9 0.005623579025268555s
round5: 9 0.005687713623046875s
round6: 9 0.005621433258056641s
round7: 9 0.005720376968383789s
round8: 9 0.005768299102783203s
round9: 9 0.005736112594604492s
