round0: 3150 0.20783376693725586s
round1: 3105 0.16794919967651367s
round2: 3060 0.17519354820251465s
round3: 3132 0.16841673851013184s
round4: 3057 0.16812777519226074s
round5: 3156 0.16359162330627441s
round6: 3111 0.16869354248046875s
round7: 3105 0.17276620864868164s
round8: 3051 0.1682300567626953s
round9: 3099 0.17559337615966797s
