round0: 24 0.006823539733886719s
round1: 24 0.009055376052856445s
round2: 24 0.011829376220703125s
round3: 24 0.013401508331298828s
round4: 24 0.01392984390258789s
round5: 24 0.014148950576782227s
round6: 24 0.014637470245361328s
round7: 24 0.013607263565063477s
round8: 24 0.013423442840576172s
round9: 24 0.013090372085571289s
