round0: 15588 0.8179018497467041s
round1: 15531 0.7769014835357666s
round2: 15660 0.7754828929901123s
round3: 15687 0.7730095386505127s
round4: 15720 0.8059325218200684s
round5: 15624 0.852562665939331s
round6: 15435 0.8448691368103027s
round7: 15531 0.8408265113830566s
round8: 15699 0.8563578128814697s
round9: 15483 0.8750741481781006s
