round0: 5133 0.2833271026611328s
round1: 5130 0.24996495246887207s
round2: 5136 0.25708794593811035s
round3: 5130 0.25695252418518066s
round4: 5115 0.2513866424560547s
round5: 5148 0.2555577754974365s
round6: 5145 0.2489471435546875s
round7: 5145 0.2528703212738037s
round8: 5136 0.24705982208251953s
round9: 5127 0.24859929084777832s
