round0: 33 0.007887840270996094s
round1: 33 0.01187896728515625s
round2: 33 0.012519359588623047s
round3: 33 0.014645576477050781s
round4: 33 0.014705419540405273s
round5: 33 0.014719724655151367s
round6: 33 0.014723777770996094s
round7: 33 0.014282703399658203s
round8: 33 0.014522314071655273s
round9: 33 0.014785051345825195s
