round0: 0 0.01555943489074707s
round1: 0 0.015957355499267578s
round2: 0 0.017854928970336914s
round3: 0 0.015208959579467773s
round4: 0 0.015129566192626953s
round5: 0 0.014941930770874023s
round6: 0 0.016600608825683594s
round7: 0 0.017740249633789062s
round8: 0 0.0177156925201416s
round9: 0 0.019146442413330078s
