round0: 0 0.0071032047271728516s
round1: 0 0.006502389907836914s
round2: 0 0.00690770149230957s
round3: 0 0.008816957473754883s
round4: 0 0.007691144943237305s
round5: 0 0.0076296329498291016s
round6: 0 0.007648468017578125s
round7: 0 0.0074503421783447266s
round8: 0 0.007463932037353516s
round9: 0 0.008058309555053711s
