round0: 0 0.01959085464477539s
round1: 0 0.017420291900634766s
round2: 0 0.017297744750976562s
round3: 0 0.01565837860107422s
round4: 0 0.018822431564331055s
round5: 0 0.018615245819091797s
round6: 0 0.017610549926757812s
round7: 0 0.020821094512939453s
round8: 0 0.021390676498413086s
round9: 0 0.02065873146057129s
