round0: 4020 0.1995546817779541s
round1: 4068 0.20330286026000977s
round2: 4071 0.20579791069030762s
round3: 3903 0.20783662796020508s
round4: 4008 0.21022343635559082s
round5: 4056 0.2119903564453125s
round6: 3996 0.20333647727966309s
round7: 4032 0.20191216468811035s
round8: 4062 0.19830536842346191s
round9: 4047 0.2050156593322754s
