round0: 21 0.013606786727905273s
round1: 21 0.013612031936645508s
round2: 21 0.013628721237182617s
round3: 21 0.015761375427246094s
round4: 21 0.01371455192565918s
round5: 21 0.007782459259033203s
round6: 21 0.007641792297363281s
round7: 21 0.007513284683227539s
round8: 21 0.013804435729980469s
round9: 21 0.013898849487304688s
