round0: 540 0.052668094635009766s
round1: 564 0.06938791275024414s
round2: 555 0.07069230079650879s
round3: 564 0.07227730751037598s
round4: 603 0.08041810989379883s
round5: 564 0.07577395439147949s
round6: 564 0.07448315620422363s
round7: 543 0.07607388496398926s
round8: 570 0.08066415786743164s
round9: 558 0.07370305061340332s
