round0: 339 0.05525827407836914s
round1: 351 0.05905961990356445s
round2: 342 0.059508323669433594s
round3: 351 0.05979204177856445s
round4: 366 0.0581822395324707s
round5: 315 0.05721569061279297s
round6: 345 0.06038236618041992s
round7: 324 0.058263540267944336s
round8: 333 0.057416439056396484s
round9: 366 0.058687686920166016s
