round0: 222 0.030447721481323242s
round1: 216 0.035112857818603516s
round2: 186 0.03463172912597656s
round3: 204 0.038367271423339844s
round4: 207 0.037581682205200195s
round5: 201 0.0462946891784668s
round6: 198 0.04025888442993164s
round7: 198 0.0380403995513916s
round8: 213 0.03995513916015625s
round9: 222 0.04053378105163574s
