round0: 99 0.028815746307373047s
round1: 102 0.026433229446411133s
round2: 102 0.025570154190063477s
round3: 96 0.025029659271240234s
round4: 99 0.024849653244018555s
round5: 102 0.025501012802124023s
round6: 102 0.025915145874023438s
round7: 99 0.024940967559814453s
round8: 108 0.025671005249023438s
round9: 102 0.02444148063659668s
