round0: 2886 0.27718496322631836s
round1: 2820 0.24765563011169434s
round2: 2910 0.24436426162719727s
round3: 2880 0.2577998638153076s
round4: 2775 0.25187015533447266s
round5: 2826 0.24043869972229004s
round6: 2766 0.2388303279876709s
round7: 2820 0.23733019828796387s
round8: 2805 0.23211455345153809s
round9: 2853 0.23923349380493164s
