round0: 4812 0.24341344833374023s
round1: 4674 0.24174809455871582s
round2: 4737 0.24036765098571777s
round3: 4773 0.24550175666809082s
round4: 4680 0.23658084869384766s
round5: 4743 0.2358696460723877s
round6: 4785 0.23116731643676758s
round7: 4740 0.22918462753295898s
round8: 4695 0.23348522186279297s
round9: 4653 0.22881054878234863s
