round0: 12864 1.019118309020996s
round1: 12915 0.9815075397491455s
round2: 12906 1.0030720233917236s
round3: 12891 1.1011288166046143s
round4: 12900 0.9997227191925049s
round5: 12951 0.9462919235229492s
round6: 12825 1.0550339221954346s
round7: 12873 0.9612338542938232s
round8: 12927 0.922544002532959s
round9: 12906 0.9193201065063477s
