round0: 279 0.03465151786804199s
round1: 276 0.05192422866821289s
round2: 270 0.05443263053894043s
round3: 276 0.061289072036743164s
round4: 279 0.06520938873291016s
round5: 282 0.06269359588623047s
round6: 270 0.06233549118041992s
round7: 270 0.06947064399719238s
round8: 279 0.06714677810668945s
round9: 276 0.06367373466491699s
