round0: 8919 0.4308807849884033s
round1: 9078 0.4382164478302002s
round2: 9186 0.4365534782409668s
round3: 8946 0.434586763381958s
round4: 8997 0.42844271659851074s
round5: 9141 0.43055224418640137s
round6: 8943 0.42848753929138184s
round7: 9150 0.433962345123291s
round8: 9057 0.43404459953308105s
round9: 9096 0.4596719741821289s
