round0: 6888 0.3334221839904785s
round1: 7011 0.3299245834350586s
round2: 6981 0.3387782573699951s
round3: 6924 0.3381350040435791s
round4: 6984 0.3321859836578369s
round5: 6864 0.34387779235839844s
round6: 6504 0.3406553268432617s
round7: 6795 0.3333759307861328s
round8: 6915 0.33524107933044434s
round9: 7029 0.3301522731781006s
