round0: 3051 0.17212438583374023s
round1: 3051 0.17153120040893555s
round2: 3057 0.1708691120147705s
round3: 3054 0.17205262184143066s
round4: 3057 0.16929030418395996s
round5: 3060 0.1723768711090088s
round6: 3054 0.16467785835266113s
round7: 3060 0.16933608055114746s
round8: 3057 0.16791033744812012s
round9: 3048 0.17212295532226562s
