round0: 32970 1.4957363605499268s
round1: 32994 1.473374366760254s
round2: 32961 1.4740567207336426s
round3: 32976 1.4693562984466553s
round4: 32973 1.468662977218628s
round5: 32961 1.483025074005127s
round6: 32961 1.4859938621520996s
round7: 32901 1.4793589115142822s
round8: 32964 1.4750194549560547s
round9: 32931 1.46602201461792s
