round0: 2736 0.14600443840026855s
round1: 2763 0.15249991416931152s
round2: 2730 0.15245509147644043s
round3: 2727 0.15360021591186523s
round4: 2739 0.15590190887451172s
round5: 2715 0.15634679794311523s
round6: 2688 0.15229177474975586s
round7: 2694 0.15028786659240723s
round8: 2673 0.15550851821899414s
round9: 2727 0.1572890281677246s
