round0: 20271 0.6786026954650879s
round1: 22491 0.6472790241241455s
round2: 20790 0.600445032119751s
round3: 21309 0.6108007431030273s
round4: 20586 0.6171612739562988s
round5: 21282 0.6221208572387695s
round6: 22704 0.6496486663818359s
round7: 22680 0.6457030773162842s
round8: 20826 0.6026384830474854s
round9: 21741 0.6147761344909668s
