round0: 123 0.01928114891052246s
round1: 114 0.019182920455932617s
round2: 105 0.01947617530822754s
round3: 102 0.01691293716430664s
round4: 108 0.018862247467041016s
round5: 108 0.018602609634399414s
round6: 108 0.018908977508544922s
round7: 108 0.018197298049926758s
round8: 117 0.018007755279541016s
round9: 114 0.01739645004272461s
