round0: 1464 0.06975102424621582s
round1: 1659 0.07318282127380371s
round2: 1734 0.0784604549407959s
round3: 1614 0.0732264518737793s
round4: 1572 0.07312703132629395s
round5: 1635 0.07186555862426758s
round6: 1521 0.07269763946533203s
round7: 1671 0.07558917999267578s
round8: 1551 0.07127881050109863s
round9: 1491 0.07392287254333496s
