round0: 207 0.04102182388305664s
round1: 219 0.020650625228881836s
round2: 207 0.019466876983642578s
round3: 219 0.01935744285583496s
round4: 207 0.019195556640625s
round5: 219 0.019015789031982422s
round6: 219 0.01885509490966797s
round7: 207 0.01882171630859375s
round8: 219 0.04608750343322754s
round9: 219 0.02306842803955078s
