round0: 474 0.03307652473449707s
round1: 462 0.032746076583862305s
round2: 474 0.036025047302246094s
round3: 462 0.0327908992767334s
round4: 474 0.031548261642456055s
round5: 474 0.03274059295654297s
round6: 462 0.03316545486450195s
round7: 474 0.035111427307128906s
round8: 462 0.033576011657714844s
round9: 462 0.031493186950683594s
