round0: 174 0.02248072624206543s
round1: 162 0.020491361618041992s
round2: 174 0.020473003387451172s
round3: 174 0.020496606826782227s
round4: 174 0.021092653274536133s
round5: 162 0.02039170265197754s
round6: 174 0.020130634307861328s
round7: 162 0.02058100700378418s
round8: 174 0.021587848663330078s
round9: 174 0.020920276641845703s
