round0: 0 0.019184350967407227s
round1: 0 0.01893901824951172s
round2: 0 0.020884037017822266s
round3: 0 0.019872188568115234s
round4: 0 0.01818370819091797s
round5: 0 0.018615245819091797s
round6: 0 0.019256591796875s
round7: 0 0.018595218658447266s
round8: 0 0.018825054168701172s
round9: 0 0.01881718635559082s
