round0: 0 0.024155378341674805s
round1: 0 0.024395227432250977s
round2: 0 0.023840665817260742s
round3: 0 0.023839473724365234s
round4: 0 0.025423288345336914s
round5: 0 0.023848295211791992s
round6: 0 0.023661375045776367s
round7: 0 0.023667335510253906s
round8: 0 0.0248415470123291s
round9: 0 0.024311065673828125s
