round0: 147 0.023655414581298828s
round1: 138 0.021137237548828125s
round2: 123 0.021121978759765625s
round3: 123 0.020864248275756836s
round4: 141 0.021886110305786133s
round5: 141 0.021431922912597656s
round6: 129 0.021015167236328125s
round7: 117 0.020905017852783203s
round8: 105 0.021332502365112305s
round9: 105 0.02127838134765625s
