round0: 372 0.03463339805603027s
round1: 378 0.02961277961730957s
round2: 381 0.02966451644897461s
round3: 372 0.029441118240356445s
round4: 366 0.03076338768005371s
round5: 369 0.030077695846557617s
round6: 360 0.030119657516479492s
round7: 381 0.030092239379882812s
round8: 366 0.02991938591003418s
round9: 366 0.029443740844726562s
