round0: 378 0.02874302864074707s
round1: 381 0.027936697006225586s
round2: 369 0.02735161781311035s
round3: 378 0.028322696685791016s
round4: 360 0.029340744018554688s
round5: 381 0.027512788772583008s
round6: 372 0.027225971221923828s
round7: 369 0.027649402618408203s
round8: 369 0.027718067169189453s
round9: 372 0.02767014503479004s
