round0: 1809 0.07988429069519043s
round1: 1656 0.0765829086303711s
round2: 1551 0.07628321647644043s
round3: 1662 0.07755756378173828s
round4: 1854 0.07908463478088379s
round5: 1998 0.08338809013366699s
round6: 1704 0.07943940162658691s
round7: 1809 0.07784509658813477s
round8: 1776 0.07898974418640137s
round9: 1884 0.08060383796691895s
