round0: 165 0.01833033561706543s
round1: 159 0.017407655715942383s
round2: 159 0.017369747161865234s
round3: 156 0.01779794692993164s
round4: 162 0.0192563533782959s
round5: 162 0.020081281661987305s
round6: 144 0.018873214721679688s
round7: 141 0.019798994064331055s
round8: 162 0.021445274353027344s
round9: 144 0.020445823669433594s
