round0: 819 0.03613924980163574s
round1: 840 0.041402578353881836s
round2: 813 0.0432741641998291s
round3: 705 0.042853593826293945s
round4: 717 0.0401158332824707s
round5: 783 0.04325056076049805s
round6: 708 0.043906211853027344s
round7: 783 0.042749643325805664s
round8: 786 0.04267263412475586s
round9: 729 0.0393064022064209s
