round0: 4944 0.18563175201416016s
round1: 5427 0.19295549392700195s
round2: 5343 0.17349696159362793s
round3: 5289 0.17036652565002441s
round4: 5544 0.17903447151184082s
round5: 5127 0.16856884956359863s
round6: 5649 0.17769861221313477s
round7: 5421 0.17314743995666504s
round8: 5178 0.18462920188903809s
round9: 5583 0.20559263229370117s
