round0: 1116 0.06153464317321777s
round1: 1116 0.06158733367919922s
round2: 1116 0.06549477577209473s
round3: 1146 0.060921669006347656s
round4: 1146 0.060187578201293945s
round5: 1248 0.06476211547851562s
round6: 1173 0.07251858711242676s
round7: 1116 0.05939817428588867s
round8: 1233 0.05457639694213867s
round9: 1107 0.0608217716217041s
