round0: 4758 0.17161893844604492s
round1: 4701 0.17782139778137207s
round2: 4719 0.20180082321166992s
round3: 6090 0.21527600288391113s
round4: 6921 0.23750972747802734s
round5: 4719 0.20266342163085938s
round6: 6342 0.2256631851196289s
round7: 5832 0.21840357780456543s
round8: 6444 0.22374296188354492s
round9: 6150 0.21266698837280273s
