round0: 3609 0.15435290336608887s
round1: 3477 0.12375211715698242s
round2: 3681 0.12016797065734863s
round3: 3735 0.12234354019165039s
round4: 3711 0.11860871315002441s
round5: 3621 0.12117457389831543s
round6: 3747 0.13080763816833496s
round7: 3255 0.12062406539916992s
round8: 3663 0.12287139892578125s
round9: 3603 0.1348099708557129s
