round0: 5910 0.18666315078735352s
round1: 5760 0.1959366798400879s
round2: 5781 0.19892096519470215s
round3: 6045 0.20100140571594238s
round4: 6015 0.18569660186767578s
round5: 5616 0.18704748153686523s
round6: 5940 0.19674301147460938s
round7: 5850 0.19965553283691406s
round8: 6222 0.218994140625s
round9: 5937 0.21023893356323242s
