round0: 876 0.047734737396240234s
round1: 834 0.04359149932861328s
round2: 819 0.044084787368774414s
round3: 909 0.0463109016418457s
round4: 888 0.045877695083618164s
round5: 852 0.045289039611816406s
round6: 798 0.04334259033203125s
round7: 786 0.0432591438293457s
round8: 894 0.04463934898376465s
round9: 819 0.04311871528625488s
