round0: 3699 0.14221477508544922s
round1: 3783 0.137678861618042s
round2: 3507 0.1319899559020996s
round3: 3822 0.13582611083984375s
round4: 3630 0.1371476650238037s
round5: 3516 0.13582873344421387s
round6: 3504 0.13795876502990723s
round7: 3330 0.1315627098083496s
round8: 3681 0.13811230659484863s
round9: 3324 0.11769223213195801s
