round0: 2025 0.06594967842102051s
round1: 2022 0.07184410095214844s
round2: 1989 0.07667374610900879s
round3: 2043 0.07330322265625s
round4: 1755 0.07770895957946777s
round5: 1935 0.08045053482055664s
round6: 2079 0.07901334762573242s
round7: 1908 0.07081913948059082s
round8: 1908 0.07061481475830078s
round9: 2019 0.07201123237609863s
