round0: 18879 0.659818172454834s
round1: 19830 0.624913215637207s
round2: 18807 0.6365482807159424s
round3: 19149 0.7333962917327881s
round4: 18417 0.732682466506958s
round5: 18078 0.6454143524169922s
round6: 18768 0.6482415199279785s
round7: 19821 0.6141343116760254s
round8: 19335 0.7039148807525635s
round9: 20391 0.6585917472839355s
