round0: 0 0.02667689323425293s
round1: 0 0.020829439163208008s
round2: 0 0.02082347869873047s
round3: 0 0.019064903259277344s
round4: 0 0.020180225372314453s
round5: 0 0.02011728286743164s
round6: 0 0.01970696449279785s
round7: 0 0.0200192928314209s
round8: 0 0.020880699157714844s
round9: 0 0.02072906494140625s
