round0: 0 0.014866828918457031s
round1: 0 0.012446880340576172s
round2: 0 0.012673377990722656s
round3: 0 0.012613773345947266s
round4: 0 0.012720823287963867s
round5: 0 0.01466679573059082s
round6: 0 0.015517234802246094s
round7: 0 0.014926433563232422s
round8: 0 0.015166759490966797s
round9: 0 0.015180349349975586s
