round0: 0 0.019846677780151367s
round1: 0 0.021309614181518555s
round2: 0 0.021994829177856445s
round3: 0 0.018878698348999023s
round4: 0 0.01930689811706543s
round5: 0 0.01866602897644043s
round6: 0 0.019672155380249023s
round7: 0 0.020125389099121094s
round8: 0 0.021371126174926758s
round9: 0 0.021419048309326172s
