round0: 1632 0.1478879451751709s
round1: 1542 0.14573431015014648s
round2: 1593 0.13988256454467773s
round3: 1647 0.1317899227142334s
round4: 1572 0.13321590423583984s
round5: 1566 0.13621163368225098s
round6: 1638 0.13449573516845703s
round7: 1626 0.12737035751342773s
round8: 1539 0.14264607429504395s
round9: 1641 0.14075160026550293s
