round0: 75 0.016748666763305664s
round1: 69 0.0187985897064209s
round2: 87 0.017788171768188477s
round3: 81 0.017359495162963867s
round4: 93 0.016775846481323242s
round5: 84 0.01703667640686035s
round6: 81 0.018315553665161133s
round7: 81 0.01872420310974121s
round8: 84 0.01738429069519043s
round9: 90 0.01767563819885254s
