round0: 309 0.04467153549194336s
round1: 291 0.04794192314147949s
round2: 306 0.047515869140625s
round3: 282 0.04500842094421387s
round4: 300 0.048343658447265625s
round5: 282 0.05168509483337402s
round6: 294 0.04901456832885742s
round7: 297 0.05109739303588867s
round8: 309 0.05297136306762695s
round9: 294 0.04700136184692383s
