round0: 528 0.07007598876953125s
round1: 504 0.07747459411621094s
round2: 510 0.074371337890625s
round3: 519 0.06951522827148438s
round4: 507 0.06510663032531738s
round5: 513 0.06527042388916016s
round6: 525 0.0640418529510498s
round7: 495 0.06669855117797852s
round8: 525 0.06448030471801758s
round9: 531 0.06516218185424805s
