round0: 297 0.0659172534942627s
round1: 285 0.06454896926879883s
round2: 279 0.06796622276306152s
round3: 315 0.06836390495300293s
round4: 306 0.07586193084716797s
round5: 264 0.06459617614746094s
round6: 276 0.0693213939666748s
round7: 315 0.0698850154876709s
round8: 321 0.07088637351989746s
round9: 324 0.07072830200195312s
