round0: 672 0.12352442741394043s
round1: 639 0.10164141654968262s
round2: 696 0.09493470191955566s
round3: 660 0.09500646591186523s
round4: 630 0.09002184867858887s
round5: 687 0.08786416053771973s
round6: 654 0.08263683319091797s
round7: 579 0.08317279815673828s
round8: 624 0.0846867561340332s
round9: 693 0.09866952896118164s
