round0: 36 0.01563739776611328s
round1: 48 0.014979362487792969s
round2: 48 0.011715173721313477s
round3: 51 0.011583328247070312s
round4: 48 0.01498556137084961s
round5: 45 0.014961957931518555s
round6: 39 0.015152454376220703s
round7: 48 0.015418291091918945s
round8: 48 0.015631675720214844s
round9: 48 0.015924453735351562s
