round0: 420 0.06443095207214355s
round1: 408 0.06875777244567871s
round2: 411 0.07879328727722168s
round3: 426 0.07224488258361816s
round4: 411 0.08248233795166016s
round5: 372 0.08138537406921387s
round6: 411 0.0821981430053711s
round7: 426 0.07475709915161133s
round8: 408 0.06785106658935547s
round9: 399 0.0733327865600586s
