round0: 417 0.06069612503051758s
round1: 402 0.055139780044555664s
round2: 411 0.05606412887573242s
round3: 402 0.06354522705078125s
round4: 399 0.05725407600402832s
round5: 402 0.0635836124420166s
round6: 387 0.0638284683227539s
round7: 408 0.06354165077209473s
round8: 411 0.06353282928466797s
round9: 426 0.061284542083740234s
