round0: 294 0.0567622184753418s
round1: 366 0.07377028465270996s
round2: 279 0.08428049087524414s
round3: 294 0.08792686462402344s
round4: 279 0.08582377433776855s
round5: 327 0.09404397010803223s
round6: 276 0.08361268043518066s
round7: 300 0.08976960182189941s
round8: 294 0.08639192581176758s
round9: 291 0.08615970611572266s
