round0: 195 0.04062795639038086s
round1: 201 0.04238772392272949s
round2: 216 0.0420536994934082s
round3: 213 0.04172372817993164s
round4: 204 0.04329371452331543s
round5: 186 0.04152870178222656s
round6: 213 0.04089689254760742s
round7: 201 0.04219460487365723s
round8: 210 0.040006399154663086s
round9: 201 0.04117155075073242s
