round0: 258 0.04735898971557617s
round1: 255 0.044409990310668945s
round2: 249 0.041739702224731445s
round3: 249 0.04626798629760742s
round4: 255 0.04510164260864258s
round5: 246 0.04582929611206055s
round6: 246 0.04725217819213867s
round7: 225 0.04695606231689453s
round8: 249 0.048204660415649414s
round9: 252 0.048262834548950195s
