round0: 183 0.03856778144836426s
round1: 189 0.04603004455566406s
round2: 180 0.04738116264343262s
round3: 192 0.05013275146484375s
round4: 180 0.04741978645324707s
round5: 171 0.05110883712768555s
round6: 186 0.04940223693847656s
round7: 168 0.04769635200500488s
round8: 180 0.048342227935791016s
round9: 213 0.045522451400756836s
