round0: 360 0.046484947204589844s
round1: 345 0.0552823543548584s
round2: 348 0.053473472595214844s
round3: 354 0.057230234146118164s
round4: 360 0.06362795829772949s
round5: 342 0.06098508834838867s
round6: 369 0.05770373344421387s
round7: 348 0.0598597526550293s
round8: 357 0.056549787521362305s
round9: 354 0.06292867660522461s
