round0: 81 0.029220104217529297s
round1: 75 0.03105616569519043s
round2: 78 0.029911041259765625s
round3: 78 0.029001474380493164s
round4: 72 0.026723623275756836s
round5: 69 0.030345678329467773s
round6: 69 0.0260465145111084s
round7: 78 0.02711939811706543s
round8: 63 0.031177759170532227s
round9: 78 0.030366182327270508s
