round0: 954 0.11526799201965332s
round1: 1029 0.10113716125488281s
round2: 996 0.1012582778930664s
round3: 978 0.10435795783996582s
round4: 969 0.11027193069458008s
round5: 912 0.11068201065063477s
round6: 966 0.11690068244934082s
round7: 990 0.11546015739440918s
round8: 954 0.10877108573913574s
round9: 921 0.10520267486572266s
