round0: 321 0.06450009346008301s
round1: 324 0.06438803672790527s
round2: 330 0.06317567825317383s
round3: 345 0.060079336166381836s
round4: 339 0.05861639976501465s
round5: 306 0.06044745445251465s
round6: 339 0.05901360511779785s
round7: 327 0.060929059982299805s
round8: 330 0.06007885932922363s
round9: 312 0.05986833572387695s
