round0: 288 0.05201840400695801s
round1: 264 0.0541071891784668s
round2: 276 0.05441927909851074s
round3: 279 0.055353403091430664s
round4: 267 0.05459928512573242s
round5: 285 0.054368019104003906s
round6: 276 0.05386996269226074s
round7: 279 0.0522456169128418s
round8: 276 0.050014495849609375s
round9: 291 0.05259966850280762s
