round0: 318 0.06625533103942871s
round1: 309 0.06158113479614258s
round2: 330 0.06409668922424316s
round3: 321 0.06250905990600586s
round4: 312 0.06371784210205078s
round5: 312 0.06004214286804199s
round6: 288 0.05748867988586426s
round7: 300 0.05686163902282715s
round8: 324 0.06166410446166992s
round9: 303 0.05981254577636719s
