round0: 324 0.055764198303222656s
round1: 306 0.053742170333862305s
round2: 297 0.05048847198486328s
round3: 306 0.05603289604187012s
round4: 318 0.054392099380493164s
round5: 324 0.05771780014038086s
round6: 327 0.05245375633239746s
round7: 318 0.0535428524017334s
round8: 285 0.05677676200866699s
round9: 315 0.05663037300109863s
