round0: 1155 0.12616348266601562s
round1: 1170 0.11060476303100586s
round2: 1074 0.10511898994445801s
round3: 1080 0.10659289360046387s
round4: 1026 0.10627079010009766s
round5: 1113 0.11130309104919434s
round6: 1095 0.10989713668823242s
round7: 1146 0.11028051376342773s
round8: 1071 0.1155397891998291s
round9: 999 0.10953187942504883s
