round0: 636 0.098876953125s
round1: 636 0.09390473365783691s
round2: 699 0.10144424438476562s
round3: 642 0.10036325454711914s
round4: 678 0.09779191017150879s
round5: 675 0.0899498462677002s
round6: 633 0.09590435028076172s
round7: 666 0.0997014045715332s
round8: 675 0.09134840965270996s
round9: 600 0.08736968040466309s
