round0: 777 0.10778522491455078s
round1: 795 0.10285305976867676s
round2: 735 0.09744548797607422s
round3: 819 0.08985352516174316s
round4: 705 0.09391021728515625s
round5: 795 0.09613537788391113s
round6: 720 0.0939943790435791s
round7: 702 0.09695172309875488s
round8: 738 0.08943343162536621s
round9: 795 0.09047269821166992s
