round0: 636 0.08742380142211914s
round1: 627 0.08293747901916504s
round2: 624 0.07529163360595703s
round3: 633 0.07822370529174805s
round4: 621 0.0778508186340332s
round5: 624 0.07503890991210938s
round6: 579 0.07641100883483887s
round7: 612 0.08024263381958008s
round8: 642 0.08414530754089355s
round9: 600 0.07422375679016113s
