round0: 390 0.06416988372802734s
round1: 423 0.07103538513183594s
round2: 423 0.07542896270751953s
round3: 414 0.0767354965209961s
round4: 399 0.07791328430175781s
round5: 399 0.07019472122192383s
round6: 396 0.07605743408203125s
round7: 444 0.07829570770263672s
round8: 435 0.0765981674194336s
round9: 432 0.07661557197570801s
