round0: 96 0.022489070892333984s
round1: 81 0.022180795669555664s
round2: 87 0.021071195602416992s
round3: 90 0.0216522216796875s
round4: 81 0.020358800888061523s
round5: 99 0.01847100257873535s
round6: 99 0.01814723014831543s
round7: 90 0.018159151077270508s
round8: 102 0.021410703659057617s
round9: 99 0.022354841232299805s
