round0: 210 0.036406755447387695s
round1: 204 0.03179287910461426s
round2: 201 0.035172224044799805s
round3: 207 0.03711724281311035s
round4: 195 0.03790020942687988s
round5: 201 0.03820061683654785s
round6: 195 0.03527474403381348s
round7: 198 0.03689861297607422s
round8: 177 0.0399477481842041s
round9: 192 0.04004263877868652s
