round0: 1152 0.11850643157958984s
round1: 1143 0.11572265625s
round2: 1128 0.11236166954040527s
round3: 1143 0.11176562309265137s
round4: 1077 0.11023449897766113s
round5: 1110 0.11024260520935059s
round6: 1104 0.11094212532043457s
round7: 1092 0.10340642929077148s
round8: 1104 0.10900235176086426s
round9: 1131 0.1109614372253418s
