round0: 516 0.07627058029174805s
round1: 525 0.07029938697814941s
round2: 537 0.07718729972839355s
round3: 534 0.07203483581542969s
round4: 543 0.07063627243041992s
round5: 513 0.07083845138549805s
round6: 504 0.07032346725463867s
round7: 531 0.07527852058410645s
round8: 513 0.06858420372009277s
round9: 519 0.0758368968963623s
