round0: 870 0.10348796844482422s
round1: 873 0.10094499588012695s
round2: 870 0.09934711456298828s
round3: 867 0.09197092056274414s
round4: 864 0.09222650527954102s
round5: 843 0.09274101257324219s
round6: 903 0.09818482398986816s
round7: 873 0.10142827033996582s
round8: 888 0.09669065475463867s
round9: 897 0.09525418281555176s
