round0: 150 0.04085230827331543s
round1: 201 0.04181623458862305s
round2: 153 0.04742002487182617s
round3: 165 0.043134212493896484s
round4: 162 0.039415597915649414s
round5: 186 0.04251408576965332s
round6: 171 0.04092073440551758s
round7: 165 0.040815114974975586s
round8: 192 0.042855262756347656s
round9: 180 0.04758644104003906s
