round0: 72 0.023316383361816406s
round1: 78 0.023574113845825195s
round2: 78 0.020435094833374023s
round3: 66 0.020630359649658203s
round4: 69 0.023445844650268555s
round5: 66 0.02374887466430664s
round6: 87 0.02449488639831543s
round7: 84 0.02309131622314453s
round8: 75 0.020502567291259766s
round9: 57 0.02341938018798828s
