round0: 0 0.006618022918701172s
round1: 0 0.006579160690307617s
round2: 0 0.006830930709838867s
round3: 0 0.006636857986450195s
round4: 0 0.0065233707427978516s
round5: 0 0.006615400314331055s
round6: 0 0.006506443023681641s
round7: 0 0.0069501399993896484s
round8: 0 0.006556987762451172s
round9: 0 0.006848335266113281s
