round0: 51 0.01961493492126465s
round1: 69 0.02454400062561035s
round2: 60 0.022881746292114258s
round3: 66 0.019504308700561523s
round4: 57 0.019820213317871094s
round5: 57 0.02323746681213379s
round6: 45 0.019822359085083008s
round7: 60 0.02256178855895996s
round8: 45 0.024297237396240234s
round9: 63 0.023046016693115234s
