round0: 78 0.022152423858642578s
round1: 75 0.021428823471069336s
round2: 81 0.021268367767333984s
round3: 75 0.027022123336791992s
round4: 66 0.025340795516967773s
round5: 75 0.020427465438842773s
round6: 81 0.02635049819946289s
round7: 72 0.023483753204345703s
round8: 75 0.021829843521118164s
round9: 84 0.02476978302001953s
