round0: 252 0.07288193702697754s
round1: 300 0.07770824432373047s
round2: 333 0.07666516304016113s
round3: 285 0.07272577285766602s
round4: 282 0.07598495483398438s
round5: 324 0.06966686248779297s
round6: 348 0.07275152206420898s
round7: 222 0.07221603393554688s
round8: 246 0.055994510650634766s
round9: 312 0.06382513046264648s
