round0: 192 0.04832339286804199s
round1: 207 0.05319690704345703s
round2: 213 0.05199694633483887s
round3: 207 0.056250810623168945s
round4: 243 0.05629134178161621s
round5: 225 0.05840182304382324s
round6: 228 0.05544924736022949s
round7: 216 0.05330777168273926s
round8: 240 0.056818246841430664s
round9: 240 0.053586721420288086s
