round0: 141 0.03457450866699219s
round1: 159 0.04103517532348633s
round2: 138 0.04573702812194824s
round3: 141 0.04406380653381348s
round4: 165 0.03811383247375488s
round5: 147 0.04394865036010742s
round6: 159 0.04264354705810547s
round7: 159 0.04210257530212402s
round8: 168 0.040499210357666016s
round9: 174 0.04478740692138672s
