round0: 21 0.010900735855102539s
round1: 15 0.010836362838745117s
round2: 21 0.010642528533935547s
round3: 18 0.011451482772827148s
round4: 21 0.01092839241027832s
round5: 21 0.010767936706542969s
round6: 24 0.00731968879699707s
round7: 18 0.008093595504760742s
round8: 18 0.007956504821777344s
round9: 21 0.010829448699951172s
