round0: 51 0.023373126983642578s
round1: 90 0.026670455932617188s
round2: 66 0.026461124420166016s
round3: 66 0.02573561668395996s
round4: 72 0.023906946182250977s
round5: 78 0.0214693546295166s
round6: 69 0.020256519317626953s
round7: 66 0.020882129669189453s
round8: 75 0.02671337127685547s
round9: 69 0.021800994873046875s
