round0: 36 0.014286279678344727s
round1: 30 0.014182090759277344s
round2: 42 0.012704610824584961s
round3: 36 0.014821052551269531s
round4: 30 0.01292276382446289s
round5: 36 0.012275934219360352s
round6: 39 0.01457834243774414s
round7: 30 0.012397289276123047s
round8: 30 0.012304067611694336s
round9: 36 0.012583732604980469s
