round0: 426 0.07131624221801758s
round1: 390 0.06978344917297363s
round2: 372 0.07550835609436035s
round3: 441 0.07807159423828125s
round4: 192 0.07184433937072754s
round5: 249 0.07677912712097168s
round6: 363 0.07633566856384277s
round7: 381 0.0744621753692627s
round8: 399 0.06905555725097656s
round9: 447 0.06756019592285156s
