round0: 0 0.0059049129486083984s
round1: 0 0.0062139034271240234s
round2: 0 0.006031513214111328s
round3: 0 0.006152629852294922s
round4: 0 0.0061342716217041016s
round5: 0 0.006064653396606445s
round6: 0 0.005898714065551758s
round7: 0 0.005848407745361328s
round8: 0 0.0059812068939208984s
round9: 0 0.005808353424072266s
