round0: 96 0.023737430572509766s
round1: 102 0.024405479431152344s
round2: 99 0.026934385299682617s
round3: 105 0.027011871337890625s
round4: 84 0.0303494930267334s
round5: 108 0.02865743637084961s
round6: 111 0.03176069259643555s
round7: 96 0.031705379486083984s
round8: 105 0.02992534637451172s
round9: 96 0.03139543533325195s
