round0: 60 0.022403955459594727s
round1: 48 0.022609472274780273s
round2: 66 0.023550033569335938s
round3: 60 0.0231778621673584s
round4: 54 0.021355390548706055s
round5: 54 0.022908926010131836s
round6: 60 0.021657705307006836s
round7: 57 0.022698402404785156s
round8: 57 0.022193431854248047s
round9: 60 0.020017385482788086s
