round0: 63 0.019187211990356445s
round1: 63 0.01959061622619629s
round2: 69 0.020128488540649414s
round3: 72 0.017293453216552734s
round4: 63 0.017416000366210938s
round5: 78 0.020119428634643555s
round6: 63 0.020113229751586914s
round7: 69 0.017908573150634766s
round8: 54 0.01927495002746582s
round9: 63 0.017068147659301758s
