round0: 0 0.006750583648681641s
round1: 0 0.007225513458251953s
round2: 0 0.006994724273681641s
round3: 0 0.006966114044189453s
round4: 0 0.0064127445220947266s
round5: 0 0.006731271743774414s
round6: 0 0.006946563720703125s
round7: 3 0.00648808479309082s
round8: 3 0.00648188591003418s
round9: 0 0.006422996520996094s
