round0: 0 0.005931854248046875s
round1: 0 0.0059356689453125s
round2: 0 0.005961894989013672s
round3: 0 0.005959033966064453s
round4: 0 0.005961894989013672s
round5: 0 0.005921125411987305s
round6: 0 0.005908966064453125s
round7: 0 0.005865812301635742s
round8: 0 0.005952358245849609s
round9: 0 0.006041526794433594s
