round0: 189 0.0431065559387207s
round1: 195 0.04872536659240723s
round2: 165 0.04898500442504883s
round3: 171 0.04683423042297363s
round4: 186 0.04419898986816406s
round5: 174 0.04767155647277832s
round6: 183 0.04699230194091797s
round7: 177 0.04605531692504883s
round8: 186 0.04233908653259277s
round9: 174 0.04521298408508301s
