round0: 30 0.010677814483642578s
round1: 33 0.012320756912231445s
round2: 30 0.012154102325439453s
round3: 42 0.01210927963256836s
round4: 30 0.013173580169677734s
round5: 24 0.012468576431274414s
round6: 27 0.013324975967407227s
round7: 27 0.01502847671508789s
round8: 30 0.012235879898071289s
round9: 36 0.012629270553588867s
