round0: 618 0.040753841400146484s
round1: 339 0.025784015655517578s
round2: 339 0.02525162696838379s
round3: 360 0.03197288513183594s
round4: 339 0.034690141677856445s
round5: 351 0.04483175277709961s
round6: 345 0.03460359573364258s
round7: 339 0.03553318977355957s
round8: 591 0.04555320739746094s
round9: 351 0.04278111457824707s
