round0: 510 0.03717374801635742s
round1: 480 0.03292059898376465s
round2: 462 0.03594851493835449s
round3: 507 0.03722381591796875s
round4: 498 0.03706979751586914s
round5: 510 0.036660194396972656s
round6: 510 0.04148435592651367s
round7: 522 0.03754305839538574s
round8: 504 0.0374598503112793s
round9: 480 0.03603005409240723s
