round0: 987 0.036993980407714844s
round1: 1044 0.036344051361083984s
round2: 990 0.041979312896728516s
round3: 1008 0.04157614707946777s
round4: 1026 0.04487133026123047s
round5: 984 0.04436779022216797s
round6: 1020 0.04922151565551758s
round7: 1011 0.0487515926361084s
round8: 1020 0.03784060478210449s
round9: 984 0.043761253356933594s
