round0: 552 0.022365808486938477s
round1: 507 0.029837369918823242s
round2: 567 0.04872488975524902s
round3: 567 0.035578012466430664s
round4: 513 0.037624359130859375s
round5: 525 0.038698434829711914s
round6: 537 0.04065823554992676s
round7: 549 0.04011988639831543s
round8: 534 0.033387184143066406s
round9: 564 0.038817644119262695s
