round0: 819 0.03619074821472168s
round1: 789 0.03783535957336426s
round2: 771 0.03905034065246582s
round3: 813 0.041547536849975586s
round4: 813 0.044899940490722656s
round5: 810 0.044188737869262695s
round6: 819 0.04401826858520508s
round7: 804 0.042232513427734375s
round8: 786 0.03974556922912598s
round9: 783 0.039571285247802734s
