round0: 87 0.019380807876586914s
round1: 78 0.015184402465820312s
round2: 75 0.015708208084106445s
round3: 66 0.01501917839050293s
round4: 87 0.01633143424987793s
round5: 96 0.016524553298950195s
round6: 96 0.015275716781616211s
round7: 60 0.01438450813293457s
round8: 75 0.015482425689697266s
round9: 81 0.015919923782348633s
