round0: 162 0.018187284469604492s
round1: 192 0.018520355224609375s
round2: 180 0.02192974090576172s
round3: 171 0.018708229064941406s
round4: 168 0.017850875854492188s
round5: 177 0.01809072494506836s
round6: 171 0.0181121826171875s
round7: 138 0.019823789596557617s
round8: 171 0.01858377456665039s
round9: 171 0.018384695053100586s
