round0: 72 0.01724076271057129s
round1: 87 0.019162654876708984s
round2: 78 0.020488500595092773s
round3: 75 0.020012617111206055s
round4: 78 0.02102518081665039s
round5: 72 0.018128156661987305s
round6: 84 0.018686294555664062s
round7: 78 0.02008652687072754s
round8: 81 0.019580602645874023s
round9: 75 0.02003645896911621s
