round0: 999 0.09160518646240234s
round1: 1026 0.08923006057739258s
round2: 1014 0.07578420639038086s
round3: 993 0.08184003829956055s
round4: 1029 0.0797262191772461s
round5: 1053 0.07720518112182617s
round6: 993 0.08725380897521973s
round7: 999 0.09151077270507812s
round8: 1020 0.08752894401550293s
round9: 1047 0.07535719871520996s
