round0: 1779 0.142303466796875s
round1: 1779 0.12175655364990234s
round2: 1731 0.11602473258972168s
round3: 1782 0.11899137496948242s
round4: 1770 0.12140774726867676s
round5: 1764 0.13932371139526367s
round6: 1701 0.12271642684936523s
round7: 1734 0.12049436569213867s
round8: 1797 0.11947870254516602s
round9: 1752 0.12349629402160645s
