round0: 537 0.05062747001647949s
round1: 582 0.0598757266998291s
round2: 603 0.060552358627319336s
round3: 564 0.06020617485046387s
round4: 558 0.061218976974487305s
round5: 594 0.062021493911743164s
round6: 606 0.06290054321289062s
round7: 582 0.06083512306213379s
round8: 585 0.06021308898925781s
round9: 588 0.06155824661254883s
