round0: 0 0.00896906852722168s
round1: 0 0.008601665496826172s
round2: 0 0.008597612380981445s
round3: 0 0.008651971817016602s
round4: 0 0.008446216583251953s
round5: 0 0.008488655090332031s
round6: 0 0.008696317672729492s
round7: 0 0.008537530899047852s
round8: 0 0.008522748947143555s
round9: 0 0.008532524108886719s
