round0: 3 0.010301828384399414s
round1: 3 0.009462594985961914s
round2: 3 0.00902247428894043s
round3: 3 0.009025812149047852s
round4: 3 0.010097742080688477s
round5: 3 0.011298894882202148s
round6: 3 0.011141300201416016s
round7: 3 0.011001110076904297s
round8: 3 0.010958671569824219s
round9: 3 0.01099705696105957s
