round0: 222 0.03424215316772461s
round1: 225 0.03383588790893555s
round2: 240 0.033464908599853516s
round3: 240 0.035637855529785156s
round4: 225 0.03284192085266113s
round5: 210 0.034561872482299805s
round6: 243 0.03455376625061035s
round7: 240 0.02947831153869629s
round8: 237 0.028944730758666992s
round9: 225 0.03155636787414551s
