round0: 72 0.02091670036315918s
round1: 69 0.020398855209350586s
round2: 57 0.020365238189697266s
round3: 66 0.019470930099487305s
round4: 72 0.02013373374938965s
round5: 66 0.020156145095825195s
round6: 75 0.019335508346557617s
round7: 72 0.020247220993041992s
round8: 69 0.02006387710571289s
round9: 63 0.02006220817565918s
