round0: 231 0.03315281867980957s
round1: 234 0.0330510139465332s
round2: 222 0.03442192077636719s
round3: 228 0.03357982635498047s
round4: 237 0.0334315299987793s
round5: 237 0.034174203872680664s
round6: 228 0.03301739692687988s
round7: 225 0.03366422653198242s
round8: 222 0.028728723526000977s
round9: 249 0.03320932388305664s
