round0: 54 0.019934415817260742s
round1: 60 0.019440650939941406s
round2: 45 0.017855405807495117s
round3: 51 0.015887737274169922s
round4: 48 0.018006086349487305s
round5: 57 0.01951289176940918s
round6: 54 0.021363496780395508s
round7: 63 0.019846677780151367s
round8: 57 0.019561290740966797s
round9: 48 0.01776409149169922s
