round0: 57 0.017332077026367188s
round1: 60 0.017035722732543945s
round2: 63 0.016150474548339844s
round3: 57 0.016361713409423828s
round4: 63 0.016300678253173828s
round5: 54 0.015746116638183594s
round6: 51 0.016248464584350586s
round7: 63 0.018518924713134766s
round8: 60 0.01891946792602539s
round9: 63 0.020513534545898438s
