round0: 3 0.010162591934204102s
round1: 3 0.009221315383911133s
round2: 6 0.009661674499511719s
round3: 3 0.009234905242919922s
round4: 6 0.009255647659301758s
round5: 3 0.009708404541015625s
round6: 3 0.008980512619018555s
round7: 3 0.008906364440917969s
round8: 6 0.011446237564086914s
round9: 3 0.01099252700805664s
