round0: 558 0.05152416229248047s
round1: 549 0.0585932731628418s
round2: 579 0.05982851982116699s
round3: 588 0.05980491638183594s
round4: 567 0.05150437355041504s
round5: 576 0.050776004791259766s
round6: 558 0.05154824256896973s
round7: 582 0.05025362968444824s
round8: 552 0.050772666931152344s
round9: 564 0.05312657356262207s
