round0: 1815 0.13828539848327637s
round1: 1833 0.1298356056213379s
round2: 1800 0.12223339080810547s
round3: 1848 0.12163972854614258s
round4: 1857 0.1216118335723877s
round5: 1827 0.12600183486938477s
round6: 1818 0.12389278411865234s
round7: 1827 0.11848902702331543s
round8: 1848 0.12085914611816406s
round9: 1800 0.12177705764770508s
