round0: 1008 0.09249043464660645s
round1: 1002 0.09390735626220703s
round2: 1023 0.0906069278717041s
round3: 1017 0.07780933380126953s
round4: 1011 0.07751250267028809s
round5: 1026 0.07836604118347168s
round6: 990 0.09235739707946777s
round7: 1023 0.09201192855834961s
round8: 1020 0.07858753204345703s
round9: 990 0.07613945007324219s
