round0: 546 0.05786299705505371s
round1: 528 0.06401991844177246s
round2: 552 0.06020069122314453s
round3: 549 0.06092643737792969s
round4: 540 0.05807805061340332s
round5: 543 0.05510520935058594s
round6: 555 0.05045580863952637s
round7: 534 0.04892992973327637s
round8: 561 0.049642324447631836s
round9: 564 0.050188541412353516s
