round0: 1764 0.13778138160705566s
round1: 1722 0.13011598587036133s
round2: 1686 0.11580777168273926s
round3: 1683 0.1234750747680664s
round4: 1683 0.11900663375854492s
round5: 1776 0.11663556098937988s
round6: 1740 0.12054181098937988s
round7: 1656 0.13737249374389648s
round8: 1692 0.1355881690979004s
round9: 1710 0.11865592002868652s
