round0: 1005 0.07715320587158203s
round1: 1059 0.08148908615112305s
round2: 1020 0.07626986503601074s
round3: 1017 0.0818033218383789s
round4: 1041 0.07835912704467773s
round5: 984 0.0753331184387207s
round6: 1005 0.07679867744445801s
round7: 1068 0.09341788291931152s
round8: 1044 0.09229874610900879s
round9: 1035 0.0935659408569336s
