round0: 3 0.011167049407958984s
round1: 3 0.011336088180541992s
round2: 3 0.010874748229980469s
round3: 3 0.010996341705322266s
round4: 3 0.01090097427368164s
round5: 3 0.01085209846496582s
round6: 3 0.011235952377319336s
round7: 3 0.012942790985107422s
round8: 3 0.011031866073608398s
round9: 3 0.011166095733642578s
