round0: 225 0.03405404090881348s
round1: 204 0.03332996368408203s
round2: 228 0.033736467361450195s
round3: 216 0.03481650352478027s
round4: 204 0.03287959098815918s
round5: 216 0.03361630439758301s
round6: 216 0.030550241470336914s
round7: 210 0.03144502639770508s
round8: 213 0.033817291259765625s
round9: 216 0.03077864646911621s
