round0: 1791 0.12707209587097168s
round1: 1728 0.11736702919006348s
round2: 1761 0.1186976432800293s
round3: 1758 0.11740231513977051s
round4: 1770 0.13695788383483887s
round5: 1764 0.13849902153015137s
round6: 1755 0.1348106861114502s
round7: 1815 0.1188814640045166s
round8: 1746 0.12281417846679688s
round9: 1770 0.1224215030670166s
