round0: 234 0.03278326988220215s
round1: 243 0.030666828155517578s
round2: 234 0.02784442901611328s
round3: 237 0.029065847396850586s
round4: 225 0.028048276901245117s
round5: 249 0.029033422470092773s
round6: 228 0.028277873992919922s
round7: 234 0.02878570556640625s
round8: 234 0.028278350830078125s
round9: 234 0.028041601181030273s
