round0: 9 0.010556221008300781s
round1: 9 0.00938272476196289s
round2: 3 0.009205102920532227s
round3: 9 0.009250164031982422s
round4: 9 0.010388374328613281s
round5: 9 0.011059045791625977s
round6: 3 0.010889530181884766s
round7: 3 0.010918140411376953s
round8: 3 0.010842561721801758s
round9: 12 0.011191368103027344s
