round0: 1785 0.12301969528198242s
round1: 1806 0.12293839454650879s
round2: 1848 0.13856005668640137s
round3: 1758 0.13959264755249023s
round4: 1836 0.14081859588623047s
round5: 1827 0.1294867992401123s
round6: 1851 0.13876652717590332s
round7: 1818 0.14063692092895508s
round8: 1803 0.14293980598449707s
round9: 1785 0.12496113777160645s
