round0: 990 0.09431052207946777s
round1: 981 0.07638001441955566s
round2: 975 0.07698297500610352s
round3: 1014 0.07723379135131836s
round4: 960 0.0752573013305664s
round5: 981 0.07466387748718262s
round6: 981 0.07666754722595215s
round7: 972 0.08222627639770508s
round8: 975 0.08809137344360352s
round9: 924 0.08789992332458496s
