round0: 6 0.01085662841796875s
round1: 6 0.01083230972290039s
round2: 6 0.011508703231811523s
round3: 6 0.011174917221069336s
round4: 6 0.011383533477783203s
round5: 6 0.011916875839233398s
round6: 6 0.01088857650756836s
round7: 6 0.01081991195678711s
round8: 6 0.010954141616821289s
round9: 6 0.012588977813720703s
