round0: 3 0.009928703308105469s
round1: 3 0.009205818176269531s
round2: 3 0.009013891220092773s
round3: 3 0.009260892868041992s
round4: 3 0.00916743278503418s
round5: 3 0.009908676147460938s
round6: 3 0.009064674377441406s
round7: 3 0.009337425231933594s
round8: 3 0.009124517440795898s
round9: 6 0.00917816162109375s
