round0: 537 0.05097198486328125s
round1: 555 0.051369667053222656s
round2: 558 0.05103921890258789s
round3: 522 0.049515724182128906s
round4: 552 0.05411982536315918s
round5: 543 0.05127310752868652s
round6: 525 0.05725979804992676s
round7: 498 0.0592193603515625s
round8: 540 0.06004476547241211s
round9: 543 0.05845236778259277s
