round0: 156 0.03488636016845703s
round1: 225 0.043306827545166016s
round2: 204 0.04223275184631348s
round3: 234 0.03618001937866211s
round4: 204 0.031041383743286133s
round5: 195 0.03128695487976074s
round6: 249 0.038961172103881836s
round7: 189 0.03753924369812012s
round8: 201 0.035622358322143555s
round9: 234 0.04882526397705078s
