round0: 240 0.02809882164001465s
round1: 213 0.030121564865112305s
round2: 216 0.02702474594116211s
round3: 210 0.027568817138671875s
round4: 216 0.027959346771240234s
round5: 240 0.028424978256225586s
round6: 225 0.02863764762878418s
round7: 222 0.02927875518798828s
round8: 243 0.028381824493408203s
round9: 216 0.025523662567138672s
