round0: 60 0.019400835037231445s
round1: 54 0.016716718673706055s
round2: 54 0.016315937042236328s
round3: 63 0.016065359115600586s
round4: 60 0.016680479049682617s
round5: 48 0.015849590301513672s
round6: 60 0.016702651977539062s
round7: 60 0.016180992126464844s
round8: 63 0.016483545303344727s
round9: 66 0.016191959381103516s
