round0: 33 0.01369333267211914s
round1: 30 0.011642694473266602s
round2: 33 0.011674165725708008s
round3: 30 0.012009859085083008s
round4: 36 0.015053749084472656s
round5: 33 0.014707326889038086s
round6: 33 0.014834403991699219s
round7: 30 0.016510963439941406s
round8: 33 0.015398979187011719s
round9: 33 0.014899492263793945s
