round0: 180 0.03995013236999512s
round1: 195 0.034630537033081055s
round2: 210 0.038268089294433594s
round3: 201 0.03385138511657715s
round4: 195 0.03252553939819336s
round5: 225 0.036409616470336914s
round6: 189 0.0350344181060791s
round7: 189 0.03753161430358887s
round8: 219 0.03863930702209473s
round9: 192 0.035074710845947266s
