round0: 60 0.024934768676757812s
round1: 66 0.021001100540161133s
round2: 57 0.020693302154541016s
round3: 66 0.019956350326538086s
round4: 60 0.023058176040649414s
round5: 54 0.020336627960205078s
round6: 51 0.023603200912475586s
round7: 54 0.01992058753967285s
round8: 51 0.020543813705444336s
round9: 54 0.020645618438720703s
