round0: 60 0.018120288848876953s
round1: 156 0.026204586029052734s
round2: 207 0.028130769729614258s
round3: 186 0.02590203285217285s
round4: 165 0.027466535568237305s
round5: 60 0.02371692657470703s
round6: 93 0.023383140563964844s
round7: 174 0.02599048614501953s
round8: 210 0.02777886390686035s
round9: 144 0.025972366333007812s
