round0: 204 0.019618749618530273s
round1: 201 0.03045797348022461s
round2: 207 0.02918267250061035s
round3: 198 0.03560829162597656s
round4: 198 0.032631635665893555s
round5: 189 0.03789019584655762s
round6: 180 0.02854013442993164s
round7: 204 0.029413938522338867s
round8: 195 0.02984166145324707s
round9: 198 0.029810190200805664s
