round0: 273 0.042554378509521484s
round1: 372 0.04469609260559082s
round2: 342 0.046317100524902344s
round3: 336 0.049387454986572266s
round4: 267 0.04266643524169922s
round5: 477 0.046918630599975586s
round6: 306 0.046813249588012695s
round7: 438 0.052614688873291016s
round8: 435 0.04947042465209961s
round9: 405 0.041821956634521484s
