round0: 558 0.05404162406921387s
round1: 585 0.048900604248046875s
round2: 474 0.046645164489746094s
round3: 549 0.051638126373291016s
round4: 564 0.053380727767944336s
round5: 588 0.05070900917053223s
round6: 402 0.05039024353027344s
round7: 462 0.052098751068115234s
round8: 480 0.04728507995605469s
round9: 456 0.04723787307739258s
