round0: 282 0.03198432922363281s
round1: 261 0.04425644874572754s
round2: 300 0.039803266525268555s
round3: 264 0.037453651428222656s
round4: 252 0.03401017189025879s
round5: 198 0.032913923263549805s
round6: 282 0.03906846046447754s
round7: 252 0.03468513488769531s
round8: 273 0.03250765800476074s
round9: 297 0.03279447555541992s
