round0: 78 0.014471054077148438s
round1: 60 0.011169910430908203s
round2: 66 0.011888265609741211s
round3: 69 0.014467000961303711s
round4: 60 0.0172731876373291s
round5: 54 0.01658010482788086s
round6: 60 0.016811132431030273s
round7: 60 0.017507076263427734s
round8: 54 0.016919374465942383s
round9: 66 0.017034530639648438s
