round0: 363 0.05651044845581055s
round1: 393 0.05466508865356445s
round2: 390 0.05480480194091797s
round3: 390 0.05357861518859863s
round4: 396 0.05506420135498047s
round5: 414 0.05287933349609375s
round6: 393 0.055908203125s
round7: 393 0.05474662780761719s
round8: 402 0.05439591407775879s
round9: 375 0.05172467231750488s
