round0: 1797 0.13439536094665527s
round1: 1713 0.1281297206878662s
round2: 1767 0.12447857856750488s
round3: 1803 0.12312150001525879s
round4: 1755 0.11993908882141113s
round5: 1821 0.1248328685760498s
round6: 1797 0.12714290618896484s
round7: 1851 0.13091301918029785s
round8: 1809 0.1338033676147461s
round9: 1764 0.11965775489807129s
