round0: 3015 0.19072675704956055s
round1: 3021 0.15853595733642578s
round2: 2982 0.16008591651916504s
round3: 2877 0.16577816009521484s
round4: 2874 0.1677560806274414s
round5: 3006 0.1653270721435547s
round6: 2961 0.16276001930236816s
round7: 3009 0.16196393966674805s
round8: 2955 0.15629148483276367s
round9: 2952 0.16168999671936035s
