round0: 6 0.009822368621826172s
round1: 6 0.009943008422851562s
round2: 6 0.01043558120727539s
round3: 9 0.010040283203125s
round4: 6 0.009398460388183594s
round5: 6 0.008859872817993164s
round6: 6 0.008464336395263672s
round7: 6 0.008580684661865234s
round8: 6 0.008113622665405273s
round9: 6 0.00811767578125s
