round0: 2913 0.16347193717956543s
round1: 2937 0.1604609489440918s
round2: 2877 0.16051769256591797s
round3: 2883 0.1581878662109375s
round4: 3012 0.160506010055542s
round5: 2952 0.15354681015014648s
round6: 2937 0.16107654571533203s
round7: 2919 0.1645197868347168s
round8: 2916 0.1640944480895996s
round9: 2922 0.16679954528808594s
