round0: 2886 0.18999433517456055s
round1: 2958 0.17424750328063965s
round2: 2862 0.16191363334655762s
round3: 2952 0.15883159637451172s
round4: 2877 0.15863251686096191s
round5: 2874 0.2191309928894043s
round6: 2919 0.16961407661437988s
round7: 2889 0.16505694389343262s
round8: 2862 0.14803457260131836s
round9: 2895 0.14816856384277344s
