round0: 2949 0.19046330451965332s
round1: 3060 0.1586620807647705s
round2: 3087 0.19405794143676758s
round3: 3108 0.1588437557220459s
round4: 3036 0.15863513946533203s
round5: 3015 0.15898776054382324s
round6: 3054 0.17282366752624512s
round7: 3045 0.15297818183898926s
round8: 3027 0.15787172317504883s
round9: 3051 0.16161561012268066s
