round0: 9 0.006736040115356445s
round1: 9 0.008629083633422852s
round2: 9 0.009625434875488281s
round3: 9 0.009620428085327148s
round4: 9 0.009644746780395508s
round5: 9 0.009734153747558594s
round6: 9 0.009546756744384766s
round7: 9 0.009486913681030273s
round8: 12 0.009563446044921875s
round9: 9 0.009397506713867188s
