round0: 2907 0.19400358200073242s
round1: 2973 0.16649794578552246s
round2: 2871 0.15771150588989258s
round3: 2883 0.1611316204071045s
round4: 2958 0.16316795349121094s
round5: 2874 0.16445112228393555s
round6: 2922 0.15311002731323242s
round7: 2946 0.15584969520568848s
round8: 2955 0.15733885765075684s
round9: 2979 0.16457557678222656s
