round0: 9 0.005566835403442383s
round1: 9 0.009150505065917969s
round2: 9 0.011264324188232422s
round3: 9 0.01325368881225586s
round4: 9 0.013242244720458984s
round5: 9 0.013005495071411133s
round6: 9 0.01135110855102539s
round7: 9 0.010721206665039062s
round8: 9 0.009945869445800781s
round9: 9 0.010589361190795898s
