round0: 1698 0.11163067817687988s
round1: 1773 0.10903787612915039s
round2: 1689 0.10566496849060059s
round3: 1695 0.11533641815185547s
round4: 1743 0.12102198600769043s
round5: 1728 0.1149301528930664s
round6: 1737 0.11058974266052246s
round7: 1728 0.11579275131225586s
round8: 1746 0.11909079551696777s
round9: 1725 0.11088132858276367s
