round0: 6 0.010235309600830078s
round1: 6 0.008995771408081055s
round2: 6 0.010716438293457031s
round3: 6 0.011335611343383789s
round4: 6 0.012211084365844727s
round5: 6 0.013391256332397461s
round6: 6 0.013251304626464844s
round7: 6 0.01146554946899414s
round8: 6 0.01070547103881836s
round9: 6 0.010011434555053711s
