round0: 135 0.02442169189453125s
round1: 153 0.02591872215270996s
round2: 162 0.026196718215942383s
round3: 132 0.026981353759765625s
round4: 150 0.027575254440307617s
round5: 141 0.02687525749206543s
round6: 153 0.025945425033569336s
round7: 156 0.025637388229370117s
round8: 144 0.02612614631652832s
round9: 147 0.02416086196899414s
