round0: 123 0.021471738815307617s
round1: 126 0.02330493927001953s
round2: 114 0.022997140884399414s
round3: 123 0.025197982788085938s
round4: 120 0.021318674087524414s
round5: 120 0.02238154411315918s
round6: 129 0.022283315658569336s
round7: 117 0.022070884704589844s
round8: 126 0.021262407302856445s
round9: 126 0.023612499237060547s
