round0: 345 0.0513768196105957s
round1: 339 0.05341029167175293s
round2: 354 0.05500674247741699s
round3: 333 0.05354666709899902s
round4: 360 0.05413484573364258s
round5: 333 0.055704593658447266s
round6: 342 0.059210777282714844s
round7: 348 0.05206584930419922s
round8: 342 0.049443721771240234s
round9: 318 0.04587101936340332s
