round0: 975 0.09934687614440918s
round1: 951 0.0978081226348877s
round2: 951 0.09641242027282715s
round3: 930 0.08709931373596191s
round4: 906 0.08652520179748535s
round5: 984 0.08966588973999023s
round6: 948 0.08932971954345703s
round7: 954 0.0946807861328125s
round8: 960 0.09039092063903809s
round9: 954 0.09091997146606445s
