round0: 996 0.09069490432739258s
round1: 981 0.09566497802734375s
round2: 987 0.09740495681762695s
round3: 978 0.09993791580200195s
round4: 969 0.08455634117126465s
round5: 975 0.08258795738220215s
round6: 969 0.08360671997070312s
round7: 966 0.0860440731048584s
round8: 960 0.08851861953735352s
round9: 978 0.0885615348815918s
