round0: 357 0.04494452476501465s
round1: 378 0.0466463565826416s
round2: 387 0.04453849792480469s
round3: 372 0.0456852912902832s
round4: 384 0.049452781677246094s
round5: 375 0.0526273250579834s
round6: 399 0.05314373970031738s
round7: 369 0.05221867561340332s
round8: 372 0.0535886287689209s
round9: 363 0.04843544960021973s
