round0: 129 0.024707794189453125s
round1: 123 0.027575969696044922s
round2: 132 0.02520442008972168s
round3: 129 0.02479696273803711s
round4: 135 0.025059223175048828s
round5: 132 0.025645971298217773s
round6: 132 0.02404928207397461s
round7: 138 0.025045394897460938s
round8: 132 0.0234067440032959s
round9: 138 0.023431062698364258s
