round0: 96 0.016939640045166016s
round1: 96 0.020253658294677734s
round2: 96 0.019720077514648438s
round3: 99 0.01958608627319336s
round4: 96 0.020253419876098633s
round5: 108 0.020101547241210938s
round6: 99 0.020796775817871094s
round7: 96 0.018934011459350586s
round8: 102 0.01898813247680664s
round9: 102 0.019184589385986328s
