round0: 378 0.05315446853637695s
round1: 384 0.053473472595214844s
round2: 366 0.055957794189453125s
round3: 393 0.0576930046081543s
round4: 366 0.05771946907043457s
round5: 372 0.0583798885345459s
round6: 390 0.06226801872253418s
round7: 396 0.05776023864746094s
round8: 384 0.0563812255859375s
round9: 375 0.06386804580688477s
