round0: 9 0.009929180145263672s
round1: 6 0.011194467544555664s
round2: 6 0.011920928955078125s
round3: 6 0.012990951538085938s
round4: 6 0.01205134391784668s
round5: 6 0.012043237686157227s
round6: 9 0.013187646865844727s
round7: 6 0.01328420639038086s
round8: 6 0.012255668640136719s
round9: 6 0.011410236358642578s
