round0: 150 0.018678665161132812s
round1: 147 0.023325443267822266s
round2: 141 0.024771690368652344s
round3: 141 0.024668455123901367s
round4: 144 0.02294325828552246s
round5: 147 0.0206451416015625s
round6: 135 0.022525310516357422s
round7: 141 0.022629499435424805s
round8: 144 0.024325132369995117s
round9: 144 0.023258686065673828s
