round0: 1026 0.06981348991394043s
round1: 1029 0.08775997161865234s
round2: 1011 0.08619022369384766s
round3: 1047 0.08884310722351074s
round4: 1002 0.09274148941040039s
round5: 1032 0.0972893238067627s
round6: 1035 0.09526324272155762s
round7: 1029 0.09213495254516602s
round8: 1056 0.09573721885681152s
round9: 1029 0.09881210327148438s
