round0: 402 0.05320286750793457s
round1: 387 0.057016849517822266s
round2: 405 0.05557823181152344s
round3: 408 0.0561375617980957s
round4: 387 0.057009220123291016s
round5: 378 0.053700923919677734s
round6: 390 0.05540609359741211s
round7: 402 0.05527639389038086s
round8: 378 0.0561068058013916s
round9: 399 0.05274033546447754s
