round0: 117 0.023496389389038086s
round1: 105 0.02387261390686035s
round2: 123 0.024295806884765625s
round3: 114 0.023885250091552734s
round4: 114 0.023697614669799805s
round5: 117 0.02484893798828125s
round6: 123 0.024176359176635742s
round7: 120 0.023422718048095703s
round8: 123 0.022571325302124023s
round9: 105 0.022993087768554688s
