round0: 1008 0.08523702621459961s
round1: 1005 0.08919024467468262s
round2: 1035 0.09100198745727539s
round3: 984 0.09116268157958984s
round4: 1020 0.09636187553405762s
round5: 1026 0.09766817092895508s
round6: 1041 0.09548258781433105s
round7: 984 0.09757137298583984s
round8: 1002 0.09720396995544434s
round9: 1002 0.0956571102142334s
