round0: 939 0.07814335823059082s
round1: 906 0.08501863479614258s
round2: 936 0.09166240692138672s
round3: 933 0.09422898292541504s
round4: 945 0.09265804290771484s
round5: 921 0.09920763969421387s
round6: 963 0.09837031364440918s
round7: 960 0.09470772743225098s
round8: 942 0.09662270545959473s
round9: 948 0.09424161911010742s
