round0: 366 0.03530097007751465s
round1: 354 0.0468292236328125s
round2: 384 0.05429363250732422s
round3: 387 0.0543522834777832s
round4: 378 0.0560302734375s
round5: 381 0.055475473403930664s
round6: 366 0.056371212005615234s
round7: 387 0.05719947814941406s
round8: 384 0.058324575424194336s
round9: 375 0.056807518005371094s
