round0: 6 0.006017446517944336s
round1: 6 0.011073589324951172s
round2: 6 0.01176142692565918s
round3: 6 0.012876272201538086s
round4: 6 0.011188268661499023s
round5: 6 0.010449886322021484s
round6: 6 0.010593414306640625s
round7: 6 0.011333465576171875s
round8: 6 0.005639314651489258s
round9: 6 0.005452156066894531s
