round0: 387 0.056221961975097656s
round1: 399 0.0614619255065918s
round2: 396 0.06179499626159668s
round3: 423 0.060791015625s
round4: 411 0.0621187686920166s
round5: 384 0.05797982215881348s
round6: 360 0.06006789207458496s
round7: 414 0.06348681449890137s
round8: 384 0.057376861572265625s
round9: 390 0.05718851089477539s
