round0: 1719 0.1450181007385254s
round1: 1779 0.12665009498596191s
round2: 1671 0.12633681297302246s
round3: 1701 0.12920546531677246s
round4: 1746 0.12586498260498047s
round5: 1800 0.11948585510253906s
round6: 1725 0.11345529556274414s
round7: 1779 0.10689616203308105s
round8: 1779 0.11180281639099121s
round9: 1788 0.12234139442443848s
