round0: 936 0.1042487621307373s
round1: 954 0.09763240814208984s
round2: 945 0.09720134735107422s
round3: 915 0.09174180030822754s
round4: 945 0.08333659172058105s
round5: 933 0.08332395553588867s
round6: 936 0.08745813369750977s
round7: 951 0.0938730239868164s
round8: 939 0.10017848014831543s
round9: 897 0.09880375862121582s
