round0: 1794 0.1366119384765625s
round1: 1752 0.1293785572052002s
round2: 1731 0.12474822998046875s
round3: 1761 0.12882494926452637s
round4: 1794 0.12348508834838867s
round5: 1797 0.12443876266479492s
round6: 1728 0.1310739517211914s
round7: 1773 0.11895179748535156s
round8: 1689 0.11771750450134277s
round9: 1755 0.12483024597167969s
