round0: 990 0.1020362377166748s
round1: 999 0.0990140438079834s
round2: 990 0.09998464584350586s
round3: 945 0.0999755859375s
round4: 957 0.09742355346679688s
round5: 957 0.09772038459777832s
round6: 975 0.09991335868835449s
round7: 969 0.09783935546875s
round8: 942 0.09856367111206055s
round9: 990 0.09894418716430664s
