round0: 2973 0.1731855869293213s
round1: 2910 0.17354488372802734s
round2: 2943 0.1674213409423828s
round3: 2979 0.1558237075805664s
round4: 2880 0.15915942192077637s
round5: 2952 0.16151142120361328s
round6: 2955 0.15668702125549316s
round7: 2967 0.15635991096496582s
round8: 2940 0.15711092948913574s
round9: 2940 0.16222548484802246s
