round0: 6 0.0048258304595947266s
round1: 6 0.005018472671508789s
round2: 6 0.00716400146484375s
round3: 6 0.008423566818237305s
round4: 6 0.009334802627563477s
round5: 9 0.009795904159545898s
round6: 9 0.010483741760253906s
round7: 6 0.010516643524169922s
round8: 6 0.010571479797363281s
round9: 6 0.009966135025024414s
