round0: 2934 0.19009089469909668s
round1: 3003 0.17447805404663086s
round2: 2997 0.16592884063720703s
round3: 2961 0.15711450576782227s
round4: 2970 0.15762853622436523s
round5: 2826 0.16547608375549316s
round6: 2868 0.16657614707946777s
round7: 3000 0.16951394081115723s
round8: 2949 0.14503169059753418s
round9: 2961 0.14714360237121582s
