round0: 957 0.1006612777709961s
round1: 978 0.10085868835449219s
round2: 957 0.10141539573669434s
round3: 993 0.09918427467346191s
round4: 984 0.09501028060913086s
round5: 960 0.09607124328613281s
round6: 966 0.09617018699645996s
round7: 1005 0.0963125228881836s
round8: 1002 0.0964517593383789s
round9: 948 0.10079050064086914s
