round0: 150 0.028052091598510742s
round1: 144 0.028441667556762695s
round2: 141 0.02605414390563965s
round3: 138 0.026865005493164062s
round4: 138 0.02603292465209961s
round5: 153 0.024855375289916992s
round6: 138 0.026729345321655273s
round7: 144 0.026947021484375s
round8: 150 0.024820327758789062s
round9: 147 0.024880409240722656s
