round0: 2904 0.18970966339111328s
round1: 2982 0.17345571517944336s
round2: 2883 0.1628272533416748s
round3: 2949 0.16073274612426758s
round4: 2934 0.15928912162780762s
round5: 2886 0.162614107131958s
round6: 2928 0.15140247344970703s
round7: 2931 0.15360546112060547s
round8: 2910 0.15880608558654785s
round9: 2943 0.16032028198242188s
