round0: 999 0.09886646270751953s
round1: 1014 0.10091972351074219s
round2: 1014 0.09737586975097656s
round3: 975 0.09750556945800781s
round4: 975 0.1290743350982666s
round5: 1011 0.10039925575256348s
round6: 1014 0.09751558303833008s
round7: 1008 0.10095715522766113s
round8: 972 0.10093069076538086s
round9: 972 0.09936308860778809s
