round0: 129 0.022325992584228516s
round1: 138 0.021949291229248047s
round2: 135 0.023754119873046875s
round3: 126 0.022336721420288086s
round4: 138 0.022861242294311523s
round5: 135 0.024341821670532227s
round6: 132 0.024938106536865234s
round7: 135 0.02331399917602539s
round8: 132 0.024524688720703125s
round9: 138 0.024596452713012695s
