round0: 3066 0.16129827499389648s
round1: 3030 0.1547069549560547s
round2: 3033 0.16088104248046875s
round3: 2991 0.16655349731445312s
round4: 3009 0.17073488235473633s
round5: 2919 0.16540050506591797s
round6: 2976 0.165513277053833s
round7: 2946 0.16662979125976562s
round8: 3114 0.16411638259887695s
round9: 3057 0.15964221954345703s
