round0: 1764 0.13075637817382812s
round1: 1668 0.12774181365966797s
round2: 1764 0.12666106224060059s
round3: 1704 0.1253809928894043s
round4: 1707 0.12647628784179688s
round5: 1689 0.12807559967041016s
round6: 1632 0.12433981895446777s
round7: 1737 0.12429189682006836s
round8: 1725 0.12065339088439941s
round9: 1752 0.12078642845153809s
