round0: 378 0.04955887794494629s
round1: 405 0.053320884704589844s
round2: 408 0.05597734451293945s
round3: 414 0.049459218978881836s
round4: 396 0.05380082130432129s
round5: 405 0.05443286895751953s
round6: 420 0.055701255798339844s
round7: 387 0.05298590660095215s
round8: 393 0.055414676666259766s
round9: 396 0.05595231056213379s
