round0: 1764 0.12037467956542969s
round1: 1725 0.12360882759094238s
round2: 1788 0.11808347702026367s
round3: 1686 0.11594057083129883s
round4: 1788 0.11911559104919434s
round5: 1764 0.12732481956481934s
round6: 1794 0.12459754943847656s
round7: 1758 0.11632537841796875s
round8: 1779 0.11504721641540527s
round9: 1749 0.11786079406738281s
