round0: 147 0.015670061111450195s
round1: 141 0.022268056869506836s
round2: 141 0.025094985961914062s
round3: 159 0.02478480339050293s
round4: 144 0.02552032470703125s
round5: 153 0.0252993106842041s
round6: 141 0.02476787567138672s
round7: 147 0.025615692138671875s
round8: 144 0.02691650390625s
round9: 153 0.026411056518554688s
