round0: 3 0.006410360336303711s
round1: 3 0.0064334869384765625s
round2: 3 0.008303165435791016s
round3: 3 0.008270978927612305s
round4: 3 0.008277654647827148s
round5: 3 0.008321046829223633s
round6: 3 0.008350849151611328s
round7: 3 0.008447408676147461s
round8: 3 0.008185148239135742s
round9: 3 0.008283138275146484s
