round0: 1740 0.13092827796936035s
round1: 1764 0.12027955055236816s
round2: 1767 0.10806798934936523s
round3: 1695 0.1150503158569336s
round4: 1692 0.11940789222717285s
round5: 1746 0.11771941184997559s
round6: 1710 0.11889147758483887s
round7: 1680 0.11380958557128906s
round8: 1731 0.1229703426361084s
round9: 1707 0.12343692779541016s
