round0: 1665 0.12579631805419922s
round1: 1626 0.12284326553344727s
round2: 1686 0.12178564071655273s
round3: 1713 0.12360239028930664s
round4: 1695 0.12155270576477051s
round5: 1683 0.11744475364685059s
round6: 1653 0.12202715873718262s
round7: 1668 0.12464404106140137s
round8: 1671 0.12621259689331055s
round9: 1641 0.12646174430847168s
