round0: 981 0.10079669952392578s
round1: 951 0.09742236137390137s
round2: 960 0.09240531921386719s
round3: 984 0.09675884246826172s
round4: 993 0.09898161888122559s
round5: 948 0.09967470169067383s
round6: 969 0.08731222152709961s
round7: 990 0.09156656265258789s
round8: 966 0.09485793113708496s
round9: 894 0.08855080604553223s
