round0: 1785 0.13761138916015625s
round1: 1725 0.13310813903808594s
round2: 1776 0.13448739051818848s
round3: 1758 0.12833809852600098s
round4: 1815 0.12476706504821777s
round5: 1713 0.1307849884033203s
round6: 1770 0.12790918350219727s
round7: 1701 0.12366652488708496s
round8: 1788 0.12551045417785645s
round9: 1758 0.1274104118347168s
