round0: 360 0.04267096519470215s
round1: 330 0.049520254135131836s
round2: 333 0.05055689811706543s
round3: 366 0.051320791244506836s
round4: 354 0.052401065826416016s
round5: 330 0.05367445945739746s
round6: 360 0.0562291145324707s
round7: 360 0.05507159233093262s
round8: 381 0.05513334274291992s
round9: 351 0.05358743667602539s
