round0: 366 0.05794548988342285s
round1: 369 0.05824089050292969s
round2: 378 0.058286190032958984s
round3: 372 0.056986093521118164s
round4: 378 0.056830644607543945s
round5: 402 0.057969093322753906s
round6: 378 0.05769181251525879s
round7: 363 0.05895733833312988s
round8: 393 0.058939218521118164s
round9: 375 0.056197166442871094s
