round0: 12 0.0075075626373291016s
round1: 12 0.00792551040649414s
round2: 12 0.007733583450317383s
round3: 12 0.007606983184814453s
round4: 12 0.007602691650390625s
round5: 12 0.007756710052490234s
round6: 12 0.007857799530029297s
round7: 12 0.007725715637207031s
round8: 12 0.007730722427368164s
round9: 12 0.008119344711303711s
