round0: 9 0.0051724910736083984s
round1: 9 0.008036613464355469s
round2: 9 0.008470296859741211s
round3: 9 0.008274555206298828s
round4: 9 0.008299112319946289s
round5: 9 0.008355379104614258s
round6: 9 0.008335590362548828s
round7: 9 0.009009361267089844s
round8: 9 0.00879526138305664s
round9: 9 0.008398056030273438s
