round0: 1728 0.1349620819091797s
round1: 1785 0.13089728355407715s
round2: 1764 0.12951874732971191s
round3: 1707 0.13248538970947266s
round4: 1749 0.12702322006225586s
round5: 1731 0.12775373458862305s
round6: 1779 0.1265871524810791s
round7: 1761 0.12895703315734863s
round8: 1725 0.11705875396728516s
round9: 1704 0.12369108200073242s
