round0: 132 0.02358102798461914s
round1: 135 0.023168087005615234s
round2: 141 0.023708105087280273s
round3: 135 0.023347139358520508s
round4: 141 0.022817611694335938s
round5: 141 0.022863149642944336s
round6: 141 0.022947072982788086s
round7: 126 0.022873878479003906s
round8: 135 0.022578001022338867s
round9: 135 0.022593021392822266s
