round0: 2928 0.1543428897857666s
round1: 3012 0.16013216972351074s
round2: 2973 0.16006708145141602s
round3: 2940 0.16509485244750977s
round4: 3033 0.1696321964263916s
round5: 2964 0.16420197486877441s
round6: 2982 0.1632230281829834s
round7: 2892 0.16042828559875488s
round8: 2976 0.1609034538269043s
round9: 3021 0.161545991897583s
