round0: 387 0.04570317268371582s
round1: 378 0.046636343002319336s
round2: 372 0.05060267448425293s
round3: 381 0.05236339569091797s
round4: 378 0.051885128021240234s
round5: 378 0.04401731491088867s
round6: 393 0.044969797134399414s
round7: 378 0.04339885711669922s
round8: 354 0.045619964599609375s
round9: 366 0.04279160499572754s
