round0: 45 0.018580198287963867s
round1: 45 0.016457319259643555s
round2: 45 0.014142990112304688s
round3: 45 0.013654708862304688s
round4: 42 0.014293432235717773s
round5: 42 0.015516519546508789s
round6: 48 0.015334129333496094s
round7: 51 0.0142059326171875s
round8: 54 0.013892889022827148s
round9: 42 0.013939857482910156s
