round0: 378 0.04525899887084961s
round1: 390 0.044182777404785156s
round2: 378 0.04328632354736328s
round3: 384 0.050512075424194336s
round4: 381 0.05164980888366699s
round5: 396 0.05098605155944824s
round6: 387 0.05230426788330078s
round7: 363 0.10499000549316406s
round8: 402 0.04701805114746094s
round9: 387 0.04484915733337402s
