round0: 45 0.01574540138244629s
round1: 45 0.014405488967895508s
round2: 45 0.013837099075317383s
round3: 51 0.017100811004638672s
round4: 48 0.018596172332763672s
round5: 39 0.01648879051208496s
round6: 51 0.017904043197631836s
round7: 45 0.01679372787475586s
round8: 51 0.017183303833007812s
round9: 48 0.01680302619934082s
