round0: 3 0.010100126266479492s
round1: 3 0.00868082046508789s
round2: 3 0.008585214614868164s
round3: 3 0.007988929748535156s
round4: 3 0.008005142211914062s
round5: 3 0.008417844772338867s
round6: 3 0.008319616317749023s
round7: 3 0.007064104080200195s
round8: 3 0.006863594055175781s
round9: 3 0.007210731506347656s
