round0: 354 0.04503655433654785s
round1: 360 0.04261159896850586s
round2: 372 0.05149030685424805s
round3: 372 0.05182766914367676s
round4: 360 0.04572725296020508s
round5: 345 0.04265284538269043s
round6: 375 0.04283952713012695s
round7: 354 0.04241490364074707s
round8: 369 0.04387640953063965s
round9: 381 0.05293917655944824s
