round0: 36 0.016254663467407227s
round1: 42 0.016592741012573242s
round2: 42 0.016869068145751953s
round3: 39 0.0158541202545166s
round4: 42 0.01611614227294922s
round5: 39 0.013837575912475586s
round6: 42 0.014739990234375s
round7: 39 0.013870477676391602s
round8: 42 0.013741493225097656s
round9: 39 0.016245126724243164s
