round0: 402 0.04730725288391113s
round1: 357 0.04349708557128906s
round2: 396 0.05101609230041504s
round3: 390 0.05228590965270996s
round4: 396 0.052677154541015625s
round5: 396 0.044632673263549805s
round6: 381 0.04367423057556152s
round7: 372 0.044966936111450195s
round8: 417 0.05061602592468262s
round9: 408 0.05314517021179199s
