round0: 0 0.008220911026000977s
round1: 0 0.007987260818481445s
round2: 0 0.008081436157226562s
round3: 3 0.009886741638183594s
round4: 0 0.008074522018432617s
round5: 0 0.00796365737915039s
round6: 0 0.007793426513671875s
round7: 0 0.007691860198974609s
round8: 0 0.00790548324584961s
round9: 0 0.008067607879638672s
