round0: 150 0.030407428741455078s
round1: 141 0.024482250213623047s
round2: 147 0.029141902923583984s
round3: 135 0.028284311294555664s
round4: 135 0.024968862533569336s
round5: 144 0.024057626724243164s
round6: 141 0.024166345596313477s
round7: 150 0.023896455764770508s
round8: 126 0.023880481719970703s
round9: 138 0.0236971378326416s
