round0: 3 0.007602691650390625s
round1: 3 0.007234811782836914s
round2: 6 0.007284641265869141s
round3: 6 0.0070247650146484375s
round4: 3 0.007081747055053711s
round5: 6 0.007924318313598633s
round6: 3 0.0070383548736572266s
round7: 6 0.007028818130493164s
round8: 6 0.007223844528198242s
round9: 3 0.006954193115234375s
