round0: 3 0.008736133575439453s
round1: 0 0.007791042327880859s
round2: 0 0.00777125358581543s
round3: 0 0.008304357528686523s
round4: 0 0.007898807525634766s
round5: 0 0.008059024810791016s
round6: 0 0.007749795913696289s
round7: 0 0.007723569869995117s
round8: 0 0.0078067779541015625s
round9: 0 0.007964849472045898s
