round0: 30 0.014702796936035156s
round1: 36 0.013367176055908203s
round2: 33 0.013334512710571289s
round3: 36 0.013659954071044922s
round4: 36 0.0158231258392334s
round5: 24 0.016280412673950195s
round6: 33 0.017149686813354492s
round7: 36 0.014164924621582031s
round8: 39 0.015450000762939453s
round9: 30 0.015279054641723633s
