round0: 45 0.0174863338470459s
round1: 48 0.01666259765625s
round2: 45 0.01615619659423828s
round3: 45 0.015370368957519531s
round4: 51 0.013814687728881836s
round5: 42 0.013557910919189453s
round6: 42 0.014262199401855469s
round7: 45 0.014482498168945312s
round8: 45 0.013845205307006836s
round9: 48 0.013733625411987305s
