round0: 141 0.026054859161376953s
round1: 132 0.02405691146850586s
round2: 138 0.024376630783081055s
round3: 129 0.023900270462036133s
round4: 141 0.024181365966796875s
round5: 135 0.024081707000732422s
round6: 138 0.029721975326538086s
round7: 135 0.028359174728393555s
round8: 144 0.02891850471496582s
round9: 123 0.028483152389526367s
