round0: 384 0.04500842094421387s
round1: 381 0.04397320747375488s
round2: 384 0.04336142539978027s
round3: 375 0.04287862777709961s
round4: 375 0.04333209991455078s
round5: 396 0.04410862922668457s
round6: 378 0.05126833915710449s
round7: 375 0.05133652687072754s
round8: 375 0.053952932357788086s
round9: 375 0.04419302940368652s
