round0: 3 0.008992195129394531s
round1: 3 0.008749008178710938s
round2: 3 0.008013010025024414s
round3: 3 0.006890535354614258s
round4: 3 0.006925821304321289s
round5: 3 0.009767770767211914s
round6: 3 0.00748133659362793s
round7: 3 0.008365392684936523s
round8: 3 0.00884389877319336s
round9: 3 0.008817672729492188s
