round0: 135 0.027942419052124023s
round1: 123 0.0278170108795166s
round2: 135 0.029030799865722656s
round3: 135 0.028815269470214844s
round4: 135 0.029564619064331055s
round5: 129 0.02821040153503418s
round6: 135 0.02857184410095215s
round7: 135 0.02750539779663086s
round8: 132 0.029087305068969727s
round9: 129 0.02853560447692871s
