round0: 384 0.053224802017211914s
round1: 378 0.0458064079284668s
round2: 402 0.04426169395446777s
round3: 387 0.04435300827026367s
round4: 387 0.04375743865966797s
round5: 390 0.04495406150817871s
round6: 405 0.05035400390625s
round7: 378 0.05158257484436035s
round8: 369 0.05154776573181152s
round9: 387 0.052271366119384766s
