round0: 39 0.01732921600341797s
round1: 39 0.01647186279296875s
round2: 42 0.013674497604370117s
round3: 42 0.014725446701049805s
round4: 39 0.014194488525390625s
round5: 39 0.013705968856811523s
round6: 42 0.01650524139404297s
round7: 45 0.0170137882232666s
round8: 45 0.016610145568847656s
round9: 48 0.018065452575683594s
