round0: 1722 0.18333840370178223s
round1: 1638 0.17967677116394043s
round2: 1590 0.16402363777160645s
round3: 1656 0.14734959602355957s
round4: 1701 0.14835715293884277s
round5: 1605 0.12592744827270508s
round6: 1632 0.12337970733642578s
round7: 1812 0.1209557056427002s
round8: 1572 0.12553834915161133s
round9: 1455 0.13729524612426758s
