round0: 423 0.09859848022460938s
round1: 429 0.09798383712768555s
round2: 429 0.09482908248901367s
round3: 411 0.09429192543029785s
round4: 516 0.10289978981018066s
round5: 417 0.09989809989929199s
round6: 540 0.1011507511138916s
round7: 426 0.10210466384887695s
round8: 516 0.1039283275604248s
round9: 480 0.09275412559509277s
