round0: 4416 0.37333250045776367s
round1: 3888 0.3334183692932129s
round2: 4485 0.33322811126708984s
round3: 4287 0.33640503883361816s
round4: 4221 0.3296701908111572s
round5: 4383 0.3064720630645752s
round6: 4212 0.3085048198699951s
round7: 4545 0.31188440322875977s
round8: 4392 0.2960536479949951s
round9: 4281 0.2843360900878906s
