round0: 825 0.11795425415039062s
round1: 933 0.11348772048950195s
round2: 786 0.12728476524353027s
round3: 729 0.13390326499938965s
round4: 807 0.13262271881103516s
round5: 927 0.12895774841308594s
round6: 831 0.11880135536193848s
round7: 771 0.12263894081115723s
round8: 774 0.12824511528015137s
round9: 966 0.12770581245422363s
