round0: 81 0.036927223205566406s
round1: 81 0.038300275802612305s
round2: 57 0.03996539115905762s
round3: 81 0.03780817985534668s
round4: 66 0.039348602294921875s
round5: 78 0.03862333297729492s
round6: 84 0.03826022148132324s
round7: 72 0.038890838623046875s
round8: 72 0.03876066207885742s
round9: 72 0.038889169692993164s
