round0: 2421 0.2504003047943115s
round1: 2304 0.2060389518737793s
round2: 2244 0.20703339576721191s
round3: 2478 0.22071146965026855s
round4: 2373 0.21380162239074707s
round5: 2460 0.20447039604187012s
round6: 2397 0.20097637176513672s
round7: 2394 0.20030760765075684s
round8: 2292 0.2104039192199707s
round9: 2334 0.20006847381591797s
