round0: 2160 0.2027888298034668s
round1: 1746 0.17461204528808594s
round2: 2250 0.18384480476379395s
round3: 2091 0.18242573738098145s
round4: 1716 0.1757216453552246s
round5: 2205 0.18155574798583984s
round6: 2055 0.19740986824035645s
round7: 1977 0.19571256637573242s
round8: 2181 0.18629789352416992s
round9: 2076 0.1899118423461914s
