round0: 1530 0.1864001750946045s
round1: 1503 0.17877435684204102s
round2: 1398 0.16569805145263672s
round3: 1533 0.1640174388885498s
round4: 1452 0.1585078239440918s
round5: 1557 0.14844369888305664s
round6: 1545 0.1544952392578125s
round7: 1389 0.17170262336730957s
round8: 1410 0.13947844505310059s
round9: 1281 0.13540315628051758s
