round0: 9 0.021372556686401367s
round1: 3 0.020537137985229492s
round2: 3 0.020339250564575195s
round3: 6 0.020598888397216797s
round4: 3 0.02025890350341797s
round5: 6 0.020311594009399414s
round6: 0 0.020370960235595703s
round7: 6 0.020849943161010742s
round8: 3 0.02047443389892578s
round9: 3 0.02079319953918457s
