round0: 921 0.09467077255249023s
round1: 996 0.09799003601074219s
round2: 798 0.09820795059204102s
round3: 906 0.11771678924560547s
round4: 774 0.11536574363708496s
round5: 855 0.1080176830291748s
round6: 903 0.10474824905395508s
round7: 915 0.1062309741973877s
round8: 984 0.11023759841918945s
round9: 843 0.10473847389221191s
