round0: 516 0.05746197700500488s
round1: 468 0.06883597373962402s
round2: 498 0.07006716728210449s
round3: 522 0.07180261611938477s
round4: 489 0.0703279972076416s
round5: 498 0.07141280174255371s
round6: 519 0.06995058059692383s
round7: 516 0.07121539115905762s
round8: 513 0.06749224662780762s
round9: 501 0.07074213027954102s
