round0: 618 0.07412052154541016s
round1: 642 0.0792093276977539s
round2: 642 0.07431674003601074s
round3: 615 0.07241177558898926s
round4: 615 0.07811403274536133s
round5: 633 0.07899832725524902s
round6: 612 0.07747983932495117s
round7: 612 0.07913374900817871s
round8: 618 0.07657289505004883s
round9: 618 0.07685089111328125s
