round0: 528 0.10083174705505371s
round1: 270 0.08591604232788086s
round2: 525 0.08428764343261719s
round3: 402 0.09307003021240234s
round4: 441 0.09370040893554688s
round5: 477 0.08889579772949219s
round6: 540 0.08399748802185059s
round7: 561 0.08588027954101562s
round8: 507 0.09276866912841797s
round9: 507 0.0905005931854248s
