round0: 846 0.0967862606048584s
round1: 825 0.09838700294494629s
round2: 759 0.0953071117401123s
round3: 804 0.10137581825256348s
round4: 576 0.10493063926696777s
round5: 582 0.10056471824645996s
round6: 711 0.10312986373901367s
round7: 597 0.09801363945007324s
round8: 867 0.10837292671203613s
round9: 738 0.10476207733154297s
