round0: 1308 0.19471025466918945s
round1: 1383 0.14467263221740723s
round2: 1380 0.13917303085327148s
round3: 1344 0.14311599731445312s
round4: 1353 0.14319992065429688s
round5: 1320 0.12670230865478516s
round6: 1377 0.12297558784484863s
round7: 1341 0.13095617294311523s
round8: 1359 0.1275949478149414s
round9: 1335 0.1280529499053955s
