round0: 810 0.0955202579498291s
round1: 813 0.09133481979370117s
round2: 789 0.09139251708984375s
round3: 825 0.09224820137023926s
round4: 816 0.08825421333312988s
round5: 780 0.09557175636291504s
round6: 846 0.09338665008544922s
round7: 834 0.09224152565002441s
round8: 825 0.08600330352783203s
round9: 798 0.08916091918945312s
