round0: 654 0.0802764892578125s
round1: 693 0.07610440254211426s
round2: 672 0.0797872543334961s
round3: 681 0.09024310111999512s
round4: 675 0.08731794357299805s
round5: 663 0.08174371719360352s
round6: 684 0.05991077423095703s
round7: 666 0.0699625015258789s
round8: 630 0.07182025909423828s
round9: 666 0.06940269470214844s
