round0: 654 0.07601308822631836s
round1: 693 0.0807952880859375s
round2: 672 0.08998537063598633s
round3: 510 0.09561967849731445s
round4: 636 0.09174132347106934s
round5: 615 0.08901834487915039s
round6: 678 0.09513258934020996s
round7: 486 0.09633159637451172s
round8: 582 0.09877514839172363s
round9: 612 0.10397052764892578s
