round0: 165 0.033496856689453125s
round1: 165 0.03231525421142578s
round2: 153 0.03434586524963379s
round3: 162 0.0338132381439209s
round4: 159 0.033111572265625s
round5: 171 0.034193992614746094s
round6: 159 0.033891916275024414s
round7: 168 0.03446626663208008s
round8: 162 0.03296661376953125s
round9: 156 0.03385114669799805s
