round0: 486 0.08018374443054199s
round1: 456 0.07585859298706055s
round2: 468 0.08819079399108887s
round3: 471 0.07972383499145508s
round4: 390 0.08448362350463867s
round5: 489 0.08197999000549316s
round6: 486 0.08417272567749023s
round7: 480 0.08317017555236816s
round8: 531 0.08163881301879883s
round9: 390 0.07884359359741211s
