round0: 198 0.06340289115905762s
round1: 207 0.06219673156738281s
round2: 213 0.0650482177734375s
round3: 210 0.06096220016479492s
round4: 207 0.060179710388183594s
round5: 201 0.06068873405456543s
round6: 135 0.06149697303771973s
round7: 198 0.05975770950317383s
round8: 207 0.06038784980773926s
round9: 171 0.05770134925842285s
