round0: 3381 0.18216204643249512s
round1: 3435 0.17589378356933594s
round2: 3375 0.17437219619750977s
round3: 3369 0.17875003814697266s
round4: 3411 0.17142772674560547s
round5: 3420 0.17021894454956055s
round6: 3402 0.17364501953125s
round7: 3420 0.18815946578979492s
round8: 3429 0.17601251602172852s
round9: 3393 0.1738111972808838s
