round0: 78 0.02365398406982422s
round1: 78 0.02314472198486328s
round2: 78 0.024016618728637695s
round3: 78 0.023049354553222656s
round4: 84 0.024320363998413086s
round5: 84 0.024136066436767578s
round6: 78 0.024407625198364258s
round7: 93 0.02330183982849121s
round8: 78 0.02472090721130371s
round9: 69 0.024921178817749023s
