round0: 951 0.09628081321716309s
round1: 993 0.0958414077758789s
round2: 1002 0.08818864822387695s
round3: 939 0.09154796600341797s
round4: 999 0.09612894058227539s
round5: 1011 0.09959888458251953s
round6: 1029 0.1026148796081543s
round7: 1002 0.09734964370727539s
round8: 1002 0.09567475318908691s
round9: 972 0.09129071235656738s
