round0: 2016 0.1576688289642334s
round1: 2112 0.13831019401550293s
round2: 2010 0.12260198593139648s
round3: 2109 0.11832451820373535s
round4: 2097 0.11095619201660156s
round5: 2139 0.10430574417114258s
round6: 2085 0.10594892501831055s
round7: 2046 0.10415172576904297s
round8: 2124 0.10591769218444824s
round9: 2043 0.10605168342590332s
