round0: 396 0.0488743782043457s
round1: 390 0.0609738826751709s
round2: 312 0.06550407409667969s
round3: 393 0.06459403038024902s
round4: 318 0.0647592544555664s
round5: 387 0.06899023056030273s
round6: 306 0.06719660758972168s
round7: 357 0.07282304763793945s
round8: 312 0.07432150840759277s
round9: 363 0.07819914817810059s
