round0: 747 0.07152438163757324s
round1: 717 0.08169889450073242s
round2: 732 0.07870984077453613s
round3: 753 0.08865070343017578s
round4: 723 0.0863797664642334s
round5: 738 0.08472514152526855s
round6: 768 0.08820986747741699s
round7: 756 0.08728408813476562s
round8: 759 0.08817887306213379s
round9: 750 0.08642745018005371s
