round0: 552 0.04965329170227051s
round1: 558 0.05867934226989746s
round2: 525 0.06309127807617188s
round3: 558 0.06560349464416504s
round4: 540 0.0746150016784668s
round5: 561 0.07115530967712402s
round6: 546 0.07170987129211426s
round7: 543 0.06956195831298828s
round8: 540 0.06919503211975098s
round9: 522 0.06776094436645508s
