round0: 690 0.08109760284423828s
round1: 669 0.08436822891235352s
round2: 717 0.08298707008361816s
round3: 726 0.08244514465332031s
round4: 723 0.0809018611907959s
round5: 681 0.0861961841583252s
round6: 714 0.08716130256652832s
round7: 684 0.08135628700256348s
round8: 714 0.08350133895874023s
round9: 690 0.08732724189758301s
