round0: 399 0.05841946601867676s
round1: 393 0.04837465286254883s
round2: 390 0.03619575500488281s
round3: 408 0.033854007720947266s
round4: 384 0.026732683181762695s
round5: 402 0.028836488723754883s
round6: 405 0.03578376770019531s
round7: 402 0.04111838340759277s
round8: 405 0.043401241302490234s
round9: 363 0.05381584167480469s
