round0: 1686 0.13060808181762695s
round1: 1731 0.12499165534973145s
round2: 1716 0.11780691146850586s
round3: 1716 0.10650086402893066s
round4: 1740 0.10262727737426758s
round5: 1731 0.09954714775085449s
round6: 1749 0.0998988151550293s
round7: 1692 0.10110139846801758s
round8: 1791 0.10177445411682129s
round9: 1683 0.1028444766998291s
