round0: 1254 0.1193850040435791s
round1: 1209 0.11013460159301758s
round2: 1212 0.10486006736755371s
round3: 1242 0.10426974296569824s
round4: 1221 0.10307192802429199s
round5: 1182 0.10104489326477051s
round6: 1239 0.10104513168334961s
round7: 1260 0.0993504524230957s
round8: 1230 0.10938501358032227s
round9: 1257 0.10270500183105469s
