round0: 1734 0.15761423110961914s
round1: 1722 0.12879228591918945s
round2: 1650 0.12262797355651855s
round3: 1776 0.11738085746765137s
round4: 1611 0.1165614128112793s
round5: 1665 0.11890935897827148s
round6: 1671 0.11621832847595215s
round7: 1707 0.1245574951171875s
round8: 1809 0.12470650672912598s
round9: 1731 0.11942124366760254s
