round0: 417 0.03370952606201172s
round1: 417 0.046166181564331055s
round2: 402 0.052864789962768555s
round3: 402 0.059396982192993164s
round4: 411 0.060591697692871094s
round5: 408 0.06153583526611328s
round6: 402 0.052930593490600586s
round7: 393 0.05569314956665039s
round8: 408 0.05276036262512207s
round9: 405 0.058264970779418945s
