round0: 843 0.08473968505859375s
round1: 849 0.08978891372680664s
round2: 873 0.08548831939697266s
round3: 795 0.08922147750854492s
round4: 873 0.09396624565124512s
round5: 831 0.09337091445922852s
round6: 828 0.09608173370361328s
round7: 855 0.09484410285949707s
round8: 849 0.08969974517822266s
round9: 807 0.08283686637878418s
