round0: 171 0.03252530097961426s
round1: 183 0.033919572830200195s
round2: 192 0.03443264961242676s
round3: 177 0.033072710037231445s
round4: 180 0.03236508369445801s
round5: 177 0.034256696701049805s
round6: 162 0.032863616943359375s
round7: 165 0.03451967239379883s
round8: 183 0.038248538970947266s
round9: 177 0.03677773475646973s
