round0: 999 0.0745844841003418s
round1: 972 0.07769942283630371s
round2: 1023 0.08235049247741699s
round3: 1020 0.09160447120666504s
round4: 957 0.10051202774047852s
round5: 951 0.1029045581817627s
round6: 1011 0.10344243049621582s
round7: 972 0.10400223731994629s
round8: 978 0.10008931159973145s
round9: 1014 0.1032865047454834s
