round0: 2538 0.2227306365966797s
round1: 2523 0.17806291580200195s
round2: 2562 0.17789363861083984s
round3: 2415 0.15938591957092285s
round4: 2580 0.15813422203063965s
round5: 2547 0.16988468170166016s
round6: 2523 0.16123604774475098s
round7: 2580 0.15796494483947754s
round8: 2436 0.15719223022460938s
round9: 2472 0.14295101165771484s
