round0: 1374 0.1273200511932373s
round1: 1353 0.119537353515625s
round2: 1305 0.10819888114929199s
round3: 1344 0.10250639915466309s
round4: 1248 0.09844970703125s
round5: 1311 0.10393333435058594s
round6: 1356 0.10056853294372559s
round7: 1332 0.10351991653442383s
round8: 1284 0.10228085517883301s
round9: 1284 0.10624051094055176s
