round0: 2346 0.1493685245513916s
round1: 2262 0.13929343223571777s
round2: 2331 0.12956738471984863s
round3: 2304 0.12458324432373047s
round4: 2343 0.12755990028381348s
round5: 2310 0.1261913776397705s
round6: 2313 0.12775945663452148s
round7: 2244 0.12736749649047852s
round8: 2313 0.1290130615234375s
round9: 2202 0.12827563285827637s
