round0: 156 0.03617429733276367s
round1: 156 0.040164947509765625s
round2: 135 0.042034149169921875s
round3: 147 0.04033708572387695s
round4: 150 0.04176974296569824s
round5: 162 0.04141092300415039s
round6: 156 0.0421907901763916s
round7: 162 0.037798404693603516s
round8: 138 0.040618896484375s
round9: 150 0.039397239685058594s
