round0: 147 0.03984546661376953s
round1: 114 0.03875875473022461s
round2: 123 0.04228377342224121s
round3: 144 0.042124032974243164s
round4: 138 0.04288935661315918s
round5: 132 0.041983842849731445s
round6: 132 0.039130449295043945s
round7: 144 0.0386958122253418s
round8: 111 0.03781461715698242s
round9: 111 0.0396883487701416s
