round0: 0 0.014657258987426758s
round1: 0 0.014444112777709961s
round2: 0 0.014354944229125977s
round3: 0 0.014219999313354492s
round4: 0 0.014703750610351562s
round5: 0 0.014230966567993164s
round6: 0 0.014681339263916016s
round7: 3 0.014840126037597656s
round8: 0 0.014629840850830078s
round9: 0 0.014586448669433594s
