round0: 102 0.026839256286621094s
round1: 111 0.032753705978393555s
round2: 108 0.0333712100982666s
round3: 108 0.03354215621948242s
round4: 72 0.034485578536987305s
round5: 120 0.03458809852600098s
round6: 105 0.03305244445800781s
round7: 90 0.03332090377807617s
round8: 114 0.0342411994934082s
round9: 87 0.03156685829162598s
