round0: 39 0.019123554229736328s
round1: 30 0.01890397071838379s
round2: 30 0.016953706741333008s
round3: 30 0.018137216567993164s
round4: 33 0.019186973571777344s
round5: 33 0.01754927635192871s
round6: 30 0.01730632781982422s
round7: 33 0.018654584884643555s
round8: 24 0.01708078384399414s
round9: 33 0.018762588500976562s
