round0: 387 0.07307958602905273s
round1: 273 0.0702066421508789s
round2: 366 0.0718543529510498s
round3: 309 0.07350659370422363s
round4: 360 0.07244014739990234s
round5: 333 0.07140183448791504s
round6: 336 0.06332540512084961s
round7: 387 0.06297159194946289s
round8: 270 0.06655597686767578s
round9: 267 0.06045389175415039s
