round0: 432 0.05558586120605469s
round1: 429 0.06612896919250488s
round2: 450 0.06554722785949707s
round3: 429 0.06817770004272461s
round4: 411 0.06785941123962402s
round5: 429 0.07333135604858398s
round6: 429 0.07525300979614258s
round7: 450 0.07525324821472168s
round8: 411 0.07185888290405273s
round9: 459 0.0711820125579834s
