round0: 126 0.036130428314208984s
round1: 96 0.03782844543457031s
round2: 123 0.038496971130371094s
round3: 129 0.037262916564941406s
round4: 120 0.03776216506958008s
round5: 126 0.03753495216369629s
round6: 123 0.03836655616760254s
round7: 99 0.03670167922973633s
round8: 135 0.037915706634521484s
round9: 117 0.036810874938964844s
