round0: 144 0.03893160820007324s
round1: 138 0.03944993019104004s
round2: 129 0.037880659103393555s
round3: 150 0.03197336196899414s
round4: 135 0.03700375556945801s
round5: 153 0.03762936592102051s
round6: 150 0.03958559036254883s
round7: 150 0.04029989242553711s
round8: 123 0.03938150405883789s
round9: 141 0.034876108169555664s
