round0: 315 0.07263708114624023s
round1: 339 0.07091879844665527s
round2: 318 0.07033467292785645s
round3: 321 0.06996655464172363s
round4: 345 0.06933355331420898s
round5: 318 0.06994366645812988s
round6: 321 0.07077765464782715s
round7: 327 0.07176589965820312s
round8: 300 0.06730771064758301s
round9: 312 0.06873226165771484s
