round0: 177 0.039769649505615234s
round1: 168 0.0475006103515625s
round2: 156 0.047953128814697266s
round3: 138 0.03964853286743164s
round4: 165 0.049832820892333984s
round5: 168 0.04509139060974121s
round6: 156 0.046866655349731445s
round7: 174 0.04831528663635254s
round8: 174 0.04801321029663086s
round9: 180 0.044386863708496094s
