round0: 0 0.012639045715332031s
round1: 0 0.013118982315063477s
round2: 0 0.013037681579589844s
round3: 0 0.01305532455444336s
round4: 0 0.013175725936889648s
round5: 0 0.013260841369628906s
round6: 0 0.013291597366333008s
round7: 0 0.01317286491394043s
round8: 0 0.012761116027832031s
round9: 0 0.012948036193847656s
