round0: 327 0.03507852554321289s
round1: 339 0.0469517707824707s
round2: 327 0.05429196357727051s
round3: 327 0.06657886505126953s
round4: 306 0.07162046432495117s
round5: 333 0.07037878036499023s
round6: 309 0.06880474090576172s
round7: 276 0.06868529319763184s
round8: 339 0.07285523414611816s
round9: 312 0.07021546363830566s
