round0: 57 0.017517805099487305s
round1: 63 0.02230381965637207s
round2: 54 0.026029109954833984s
round3: 54 0.026181936264038086s
round4: 39 0.02468419075012207s
round5: 57 0.026729345321655273s
round6: 54 0.026167631149291992s
round7: 57 0.025596141815185547s
round8: 60 0.027240276336669922s
round9: 60 0.026081085205078125s
