round0: 855 0.08703327178955078s
round1: 873 0.09468412399291992s
round2: 852 0.10008859634399414s
round3: 873 0.10173511505126953s
round4: 870 0.10106253623962402s
round5: 705 0.10442781448364258s
round6: 765 0.10682463645935059s
round7: 900 0.10884308815002441s
round8: 810 0.10301446914672852s
round9: 810 0.0892031192779541s
