round0: 144 0.034226179122924805s
round1: 126 0.03330183029174805s
round2: 147 0.03171253204345703s
round3: 129 0.034886837005615234s
round4: 141 0.03511786460876465s
round5: 144 0.03329944610595703s
round6: 159 0.03513479232788086s
round7: 141 0.03295731544494629s
round8: 150 0.035394906997680664s
round9: 132 0.03430461883544922s
