round0: 69 0.02572345733642578s
round1: 48 0.02800440788269043s
round2: 66 0.027100086212158203s
round3: 63 0.026380300521850586s
round4: 57 0.02600407600402832s
round5: 66 0.026979446411132812s
round6: 72 0.024806737899780273s
round7: 54 0.025423526763916016s
round8: 60 0.025045156478881836s
round9: 60 0.024753332138061523s
