round0: 0 0.013345479965209961s
round1: 0 0.013967752456665039s
round2: 0 0.013694286346435547s
round3: 0 0.013605594635009766s
round4: 0 0.013629436492919922s
round5: 0 0.013646125793457031s
round6: 0 0.014107704162597656s
round7: 0 0.013314247131347656s
round8: 0 0.013878107070922852s
round9: 0 0.013603448867797852s
