round0: 0 0.01426076889038086s
round1: 0 0.01419830322265625s
round2: 0 0.014519214630126953s
round3: 0 0.014141082763671875s
round4: 0 0.01307988166809082s
round5: 0 0.014255523681640625s
round6: 0 0.013980865478515625s
round7: 0 0.013246774673461914s
round8: 0 0.013338565826416016s
round9: 0 0.013298273086547852s
