round0: 537 0.09980344772338867s
round1: 681 0.10155272483825684s
round2: 654 0.09750032424926758s
round3: 654 0.0966801643371582s
round4: 519 0.0912468433380127s
round5: 690 0.10002446174621582s
round6: 588 0.0934138298034668s
round7: 456 0.09667181968688965s
round8: 651 0.09536862373352051s
round9: 603 0.09387898445129395s
