round0: 105 0.011876821517944336s
round1: 105 0.011650800704956055s
round2: 105 0.01130223274230957s
round3: 99 0.012195348739624023s
round4: 87 0.011605024337768555s
round5: 87 0.012877941131591797s
round6: 105 0.016521215438842773s
round7: 102 0.015970230102539062s
round8: 99 0.01467585563659668s
round9: 105 0.01562952995300293s
