round0: 18 0.0021927356719970703s
round1: 15 0.0048198699951171875s
round2: 15 0.0020651817321777344s
round3: 15 0.0027964115142822266s
round4: 15 0.0030870437622070312s
round5: 15 0.003253459930419922s
round6: 15 0.0032625198364257812s
round7: 15 0.003225088119506836s
round8: 12 0.003185272216796875s
round9: 18 0.00322723388671875s
