round0: 3 0.0018842220306396484s
round1: 6 0.001971721649169922s
round2: 0 0.0017933845520019531s
round3: 0 0.0019102096557617188s
round4: 0 0.0019676685333251953s
round5: 0 0.0019559860229492188s
round6: 0 0.0017476081848144531s
round7: 3 0.0018148422241210938s
round8: 3 0.0017461776733398438s
round9: 0 0.001737356185913086s
