round0: 6 0.0019135475158691406s
round1: 6 0.0017976760864257812s
round2: 6 0.00185394287109375s
round3: 6 0.0018355846405029297s
round4: 6 0.00217437744140625s
round5: 6 0.0029675960540771484s
round6: 6 0.0029866695404052734s
round7: 6 0.002979755401611328s
round8: 6 0.0029489994049072266s
round9: 6 0.003063678741455078s
