round0: 62223 1.944789171218872s
round1: 46140 1.8910012245178223s
round2: 62265 1.9112281799316406s
round3: 62412 1.9201068878173828s
round4: 62310 1.9326496124267578s
round5: 45585 1.8811638355255127s
round6: 62334 1.9110455513000488s
round7: 45705 1.87874436378479s
round8: 44259 1.8679814338684082s
round9: 50130 1.9114751815795898s
