round0: 378 0.03486752510070801s
round1: 354 0.04144787788391113s
round2: 372 0.03910708427429199s
round3: 354 0.043509721755981445s
round4: 396 0.04773092269897461s
round5: 372 0.04625892639160156s
round6: 360 0.04476356506347656s
round7: 375 0.04708051681518555s
round8: 363 0.04799914360046387s
round9: 378 0.0456242561340332s
