round0: 378 0.04690742492675781s
round1: 354 0.045905351638793945s
round2: 372 0.046779632568359375s
round3: 354 0.04426074028015137s
round4: 396 0.04577064514160156s
round5: 372 0.04517841339111328s
round6: 360 0.039281368255615234s
round7: 375 0.04019927978515625s
round8: 363 0.043648481369018555s
round9: 378 0.046056509017944336s
