round0: 21 0.005145072937011719s
round1: 21 0.0053179264068603516s
round2: 21 0.005072355270385742s
round3: 21 0.005126476287841797s
round4: 21 0.005178689956665039s
round5: 21 0.0050525665283203125s
round6: 21 0.005300283432006836s
round7: 21 0.0049898624420166016s
round8: 21 0.0050542354583740234s
round9: 21 0.005042076110839844s
