round0: 153 0.016827106475830078s
round1: 132 0.01549839973449707s
round2: 147 0.015557050704956055s
round3: 132 0.015487432479858398s
round4: 126 0.016483306884765625s
round5: 144 0.017967700958251953s
round6: 141 0.018181562423706055s
round7: 132 0.017039775848388672s
round8: 132 0.017698287963867188s
round9: 147 0.018004179000854492s
