round0: 147 0.018825292587280273s
round1: 141 0.014501571655273438s
round2: 147 0.017704248428344727s
round3: 138 0.016552448272705078s
round4: 147 0.01632833480834961s
round5: 141 0.014094352722167969s
round6: 156 0.019417524337768555s
round7: 159 0.01780843734741211s
round8: 144 0.018374919891357422s
round9: 141 0.017602205276489258s
