round0: 264 0.03321552276611328s
round1: 237 0.023833751678466797s
round2: 276 0.028543949127197266s
round3: 267 0.028835296630859375s
round4: 258 0.033945560455322266s
round5: 270 0.034937381744384766s
round6: 243 0.03181028366088867s
round7: 255 0.032826900482177734s
round8: 270 0.03019428253173828s
round9: 276 0.03392958641052246s
