round0: 132 0.008289337158203125s
round1: 132 0.012594223022460938s
round2: 147 0.010743141174316406s
round3: 132 0.011836767196655273s
round4: 132 0.01099848747253418s
round5: 135 0.012785196304321289s
round6: 126 0.012096166610717773s
round7: 135 0.01329946517944336s
round8: 138 0.015397071838378906s
round9: 126 0.014846086502075195s
