round0: 138 0.008949995040893555s
round1: 162 0.011835813522338867s
round2: 144 0.016510725021362305s
round3: 156 0.017609357833862305s
round4: 147 0.018381118774414062s
round5: 129 0.017598390579223633s
round6: 156 0.01687169075012207s
round7: 153 0.01794600486755371s
round8: 147 0.01684284210205078s
round9: 123 0.01865363121032715s
