round0: 21291 0.924654483795166s
round1: 19752 0.9408464431762695s
round2: 20769 0.9223864078521729s
round3: 28872 0.9079828262329102s
round4: 20301 0.8906130790710449s
round5: 19122 0.841456413269043s
round6: 19377 0.8751339912414551s
round7: 19911 0.8751652240753174s
round8: 20373 0.8428113460540771s
round9: 28863 0.8946964740753174s
