round0: 0 0.003741025924682617s
round1: 3 0.004025459289550781s
round2: 0 0.003406047821044922s
round3: 0 0.0036225318908691406s
round4: 0 0.0034699440002441406s
round5: 0 0.0035924911499023438s
round6: 0 0.003461599349975586s
round7: 0 0.003769397735595703s
round8: 0 0.003664731979370117s
round9: 0 0.0035517215728759766s
