round0: 0 0.0021011829376220703s
round1: 3 0.0026879310607910156s
round2: 0 0.002010822296142578s
round3: 0 0.0021827220916748047s
round4: 0 0.002000093460083008s
round5: 0 0.0024209022521972656s
round6: 0 0.0018925666809082031s
round7: 3 0.002819061279296875s
round8: 0 0.002104520797729492s
round9: 0 0.0026459693908691406s
