round0: 45 0.0053272247314453125s
round1: 45 0.005943775177001953s
round2: 45 0.006773710250854492s
round3: 45 0.007345914840698242s
round4: 45 0.010795831680297852s
round5: 45 0.010114431381225586s
round6: 45 0.01028585433959961s
round7: 45 0.010174989700317383s
round8: 45 0.009836912155151367s
round9: 45 0.010253667831420898s
