round0: 9 0.0025835037231445312s
round1: 9 0.0029141902923583984s
round2: 9 0.002986907958984375s
round3: 9 0.0062673091888427734s
round4: 9 0.006241559982299805s
round5: 9 0.0060765743255615234s
round6: 9 0.005956888198852539s
round7: 9 0.005951881408691406s
round8: 9 0.0059661865234375s
round9: 9 0.007298707962036133s
