round0: 3093 0.21960878372192383s
round1: 3117 0.16695666313171387s
round2: 3093 0.17423081398010254s
round3: 3048 0.15524530410766602s
round4: 3129 0.15565729141235352s
round5: 3123 0.15668821334838867s
round6: 3108 0.1627810001373291s
round7: 3084 0.17069196701049805s
round8: 3117 0.16693949699401855s
round9: 3063 0.1656332015991211s
