round0: 24 0.008007526397705078s
round1: 24 0.008131980895996094s
round2: 24 0.0071833133697509766s
round3: 24 0.007792472839355469s
round4: 24 0.008630514144897461s
round5: 24 0.007360696792602539s
round6: 24 0.00735926628112793s
round7: 24 0.007576465606689453s
round8: 24 0.007518291473388672s
round9: 24 0.008537769317626953s
