round0: 15792 0.7763464450836182s
round1: 15711 0.7499167919158936s
round2: 15546 0.8639416694641113s
round3: 15531 0.8376121520996094s
round4: 15930 0.8146533966064453s
round5: 15978 0.8134543895721436s
round6: 15516 0.8008606433868408s
round7: 15327 0.7951982021331787s
round8: 15594 0.8111007213592529s
round9: 15432 0.7705299854278564s
