round0: 5136 0.27835917472839355s
round1: 5130 0.2566802501678467s
round2: 5136 0.2552669048309326s
round3: 5130 0.25301384925842285s
round4: 5115 0.24570798873901367s
round5: 5151 0.25234365463256836s
round6: 5148 0.24448370933532715s
round7: 5139 0.23720288276672363s
round8: 5136 0.23575377464294434s
round9: 5127 0.240217924118042s
