round0: 33 0.00405430793762207s
round1: 33 0.004960298538208008s
round2: 33 0.00820016860961914s
round3: 33 0.008452177047729492s
round4: 33 0.008334159851074219s
round5: 33 0.008444070816040039s
round6: 33 0.008673906326293945s
round7: 33 0.00827932357788086s
round8: 33 0.008270025253295898s
round9: 33 0.005968809127807617s
