round0: 0 0.015220880508422852s
round1: 0 0.014767646789550781s
round2: 12 0.015286684036254883s
round3: 0 0.012756586074829102s
round4: 0 0.012951135635375977s
round5: 0 0.012119293212890625s
round6: 0 0.013212442398071289s
round7: 0 0.014734029769897461s
round8: 0 0.013906240463256836s
round9: 0 0.014331817626953125s
