round0: 0 0.0043332576751708984s
round1: 0 0.007489919662475586s
round2: 0 0.009886503219604492s
round3: 0 0.009351491928100586s
round4: 0 0.009217500686645508s
round5: 0 0.00910806655883789s
round6: 0 0.008656024932861328s
round7: 0 0.009704113006591797s
round8: 0 0.010057926177978516s
round9: 0 0.008946657180786133s
