round0: 0 0.011011362075805664s
round1: 0 0.012983083724975586s
round2: 0 0.011528730392456055s
round3: 0 0.012674808502197266s
round4: 0 0.010575294494628906s
round5: 0 0.012357950210571289s
round6: 0 0.011303424835205078s
round7: 0 0.010748147964477539s
round8: 0 0.011486291885375977s
round9: 0 0.01283121109008789s
