round0: 4053 0.19090819358825684s
round1: 4056 0.18794989585876465s
round2: 3996 0.19173383712768555s
round3: 4056 0.21232247352600098s
round4: 4047 0.19466280937194824s
round5: 4014 0.18955254554748535s
round6: 4086 0.1859276294708252s
round7: 4047 0.1974329948425293s
round8: 4038 0.1915571689605713s
round9: 4008 0.19759273529052734s
