round0: 21 0.0071561336517333984s
round1: 21 0.0072972774505615234s
round2: 21 0.007015705108642578s
round3: 21 0.0070798397064208984s
round4: 21 0.007405996322631836s
round5: 21 0.006958484649658203s
round6: 21 0.0070531368255615234s
round7: 21 0.007297992706298828s
round8: 21 0.0074040889739990234s
round9: 21 0.006948947906494141s
