round0: 351 0.05149984359741211s
round1: 354 0.049991607666015625s
round2: 357 0.04761219024658203s
round3: 339 0.05113935470581055s
round4: 351 0.050228118896484375s
round5: 354 0.045629262924194336s
round6: 339 0.04965543746948242s
round7: 333 0.05176401138305664s
round8: 345 0.05193209648132324s
round9: 366 0.05091285705566406s
