round0: 207 0.02799534797668457s
round1: 195 0.031008481979370117s
round2: 195 0.032219648361206055s
round3: 189 0.03171515464782715s
round4: 189 0.03148770332336426s
round5: 186 0.030057430267333984s
round6: 189 0.028649330139160156s
round7: 204 0.030972719192504883s
round8: 189 0.028539419174194336s
round9: 198 0.03250455856323242s
