round0: 105 0.017098665237426758s
round1: 102 0.016300439834594727s
round2: 99 0.018302440643310547s
round3: 105 0.019837617874145508s
round4: 102 0.019137859344482422s
round5: 96 0.01776266098022461s
round6: 96 0.017738819122314453s
round7: 99 0.01904153823852539s
round8: 96 0.018584728240966797s
round9: 99 0.018860340118408203s
