round0: 624 0.054601430892944336s
round1: 600 0.06556320190429688s
round2: 606 0.07439947128295898s
round3: 585 0.07278561592102051s
round4: 573 0.07573294639587402s
round5: 621 0.07497668266296387s
round6: 597 0.07120537757873535s
round7: 582 0.07483267784118652s
round8: 591 0.06934428215026855s
round9: 582 0.07079958915710449s
