round0: 2733 0.20604276657104492s
round1: 2778 0.18603801727294922s
round2: 2799 0.19007253646850586s
round3: 2793 0.18000221252441406s
round4: 2790 0.19682097434997559s
round5: 2802 0.16733288764953613s
round6: 2784 0.16524124145507812s
round7: 2847 0.16890692710876465s
round8: 2841 0.17406225204467773s
round9: 2823 0.17049121856689453s
