round0: 4710 0.23778915405273438s
round1: 4761 0.23132562637329102s
round2: 4704 0.2377762794494629s
round3: 4719 0.23280739784240723s
round4: 4803 0.22671914100646973s
round5: 4629 0.22388482093811035s
round6: 4680 0.23833107948303223s
round7: 4740 0.23040390014648438s
round8: 4653 0.2334437370300293s
round9: 4518 0.23206782341003418s
