round0: 279 0.023623228073120117s
round1: 270 0.03387761116027832s
round2: 270 0.0407257080078125s
round3: 273 0.043036460876464844s
round4: 267 0.04833197593688965s
round5: 267 0.04124021530151367s
round6: 273 0.04575514793395996s
round7: 276 0.04010152816772461s
round8: 270 0.045777320861816406s
round9: 267 0.047302961349487305s
