round0: 12801 0.6714515686035156s
round1: 12819 0.6301841735839844s
round2: 12897 0.626140832901001s
round3: 12912 0.625746488571167s
round4: 12816 0.6349248886108398s
round5: 12867 0.6394343376159668s
round6: 12900 0.6430706977844238s
round7: 12891 0.6608154773712158s
round8: 12855 0.7330620288848877s
round9: 12855 0.661668062210083s
