round0: 8838 0.46893310546875s
round1: 8859 0.4644463062286377s
round2: 9183 0.45759057998657227s
round3: 8904 0.4758632183074951s
round4: 9048 0.47609710693359375s
round5: 8868 0.4665520191192627s
round6: 9024 0.4719977378845215s
round7: 8880 0.44115185737609863s
round8: 8895 0.4584991931915283s
round9: 8916 0.49004626274108887s
