round0: 7026 0.3283274173736572s
round1: 6756 0.33112001419067383s
round2: 6684 0.3381056785583496s
round3: 7002 0.3665292263031006s
round4: 6948 0.3644840717315674s
round5: 6837 0.3404223918914795s
round6: 6900 0.342073917388916s
round7: 6855 0.37058091163635254s
round8: 6666 0.34780263900756836s
round9: 6825 0.35990166664123535s
