round0: 3051 0.1607227325439453s
round1: 3051 0.15781164169311523s
round2: 3051 0.16146397590637207s
round3: 3063 0.15547680854797363s
round4: 3057 0.14661192893981934s
round5: 3054 0.15423321723937988s
round6: 3057 0.14881038665771484s
round7: 3063 0.14698410034179688s
round8: 3066 0.15426850318908691s
round9: 3048 0.1551649570465088s
