round0: 32478 1.4451091289520264s
round1: 33018 1.4030790328979492s
round2: 32958 1.399310827255249s
round3: 32391 1.3912427425384521s
round4: 32973 1.3894102573394775s
round5: 32919 1.3854224681854248s
round6: 32814 1.3992650508880615s
round7: 32952 1.3954002857208252s
round8: 33018 1.4017484188079834s
round9: 32931 1.4354188442230225s
