round0: 2760 0.1536703109741211s
round1: 2679 0.16060686111450195s
round2: 2730 0.1527109146118164s
round3: 2637 0.1509721279144287s
round4: 2721 0.15710139274597168s
round5: 2694 0.15710949897766113s
round6: 2715 0.14655447006225586s
round7: 2676 0.15574884414672852s
round8: 2754 0.18412232398986816s
round9: 2652 0.1796436309814453s
