round0: 762 0.052199602127075195s
round1: 726 0.048187971115112305s
round2: 723 0.046217918395996094s
round3: 732 0.044333457946777344s
round4: 732 0.04218482971191406s
round5: 708 0.04192328453063965s
round6: 702 0.04358077049255371s
round7: 762 0.04559516906738281s
round8: 735 0.04511523246765137s
round9: 747 0.04631519317626953s
