round0: 2157 0.08015584945678711s
round1: 2154 0.08570027351379395s
round2: 2286 0.08429265022277832s
round3: 2169 0.0774221420288086s
round4: 2241 0.07737970352172852s
round5: 2229 0.07609295845031738s
round6: 2064 0.07322072982788086s
round7: 2187 0.07771539688110352s
round8: 2247 0.07993197441101074s
round9: 2055 0.07532286643981934s
