round0: 183 0.02709054946899414s
round1: 177 0.02758336067199707s
round2: 147 0.023573637008666992s
round3: 195 0.024330854415893555s
round4: 183 0.023880958557128906s
round5: 177 0.023935794830322266s
round6: 183 0.02385854721069336s
round7: 177 0.02376866340637207s
round8: 201 0.024160146713256836s
round9: 186 0.023290634155273438s
