round0: 603 0.03651618957519531s
round1: 546 0.030674457550048828s
round2: 537 0.03731656074523926s
round3: 603 0.04150652885437012s
round4: 570 0.04489946365356445s
round5: 573 0.04687666893005371s
round6: 582 0.04808783531188965s
round7: 576 0.05082559585571289s
round8: 558 0.03814506530761719s
round9: 618 0.04419374465942383s
