round0: 534 0.05843353271484375s
round1: 549 0.05388760566711426s
round2: 543 0.04785633087158203s
round3: 606 0.052475929260253906s
round4: 534 0.04716801643371582s
round5: 414 0.04645705223083496s
round6: 633 0.03804326057434082s
round7: 429 0.038451433181762695s
round8: 537 0.05185294151306152s
round9: 495 0.04249763488769531s
