round0: 1065 0.06641030311584473s
round1: 1014 0.05589890480041504s
round2: 1053 0.05439281463623047s
round3: 1026 0.04976224899291992s
round4: 999 0.05145859718322754s
round5: 1026 0.053765058517456055s
round6: 1065 0.052039146423339844s
round7: 1035 0.04588055610656738s
round8: 990 0.046555519104003906s
round9: 972 0.04710030555725098s
