round0: 411 0.029946088790893555s
round1: 393 0.021610021591186523s
round2: 420 0.02349090576171875s
round3: 432 0.023946285247802734s
round4: 420 0.029062271118164062s
round5: 411 0.03406715393066406s
round6: 408 0.03404736518859863s
round7: 429 0.0435945987701416s
round8: 411 0.03724265098571777s
round9: 420 0.033632755279541016s
