round0: 477 0.045671701431274414s
round1: 468 0.042563438415527344s
round2: 516 0.043081045150756836s
round3: 510 0.044586896896362305s
round4: 465 0.04726266860961914s
round5: 507 0.04503893852233887s
round6: 501 0.04358386993408203s
round7: 519 0.044959068298339844s
round8: 462 0.045412302017211914s
round9: 567 0.04535531997680664s
