round0: 75 0.021749019622802734s
round1: 99 0.021467924118041992s
round2: 108 0.02203845977783203s
round3: 93 0.02124190330505371s
round4: 99 0.0214536190032959s
round5: 84 0.020928382873535156s
round6: 99 0.02203226089477539s
round7: 84 0.020953655242919922s
round8: 87 0.021149873733520508s
round9: 84 0.020922422409057617s
