round0: 672 0.04843950271606445s
round1: 669 0.04066181182861328s
round2: 678 0.042925119400024414s
round3: 705 0.04590892791748047s
round4: 669 0.045894622802734375s
round5: 660 0.045356035232543945s
round6: 639 0.0438387393951416s
round7: 627 0.04618024826049805s
round8: 651 0.04563307762145996s
round9: 660 0.04507160186767578s
