round0: 762 0.04613471031188965s
round1: 822 0.05270266532897949s
round2: 795 0.049674272537231445s
round3: 594 0.0475919246673584s
round4: 759 0.04873967170715332s
round5: 645 0.0418086051940918s
round6: 744 0.05876803398132324s
round7: 678 0.05137205123901367s
round8: 537 0.04743647575378418s
round9: 801 0.054056406021118164s
