round0: 1434 0.08215141296386719s
round1: 1344 0.07436656951904297s
round2: 1389 0.06666779518127441s
round3: 1365 0.07079195976257324s
round4: 1365 0.07613372802734375s
round5: 1371 0.06584453582763672s
round6: 1395 0.06804752349853516s
round7: 1347 0.06936812400817871s
round8: 1371 0.06588387489318848s
round9: 1317 0.061975955963134766s
