round0: 1797 0.08394765853881836s
round1: 1689 0.0743098258972168s
round2: 1815 0.07449936866760254s
round3: 1764 0.06688904762268066s
round4: 1797 0.06592059135437012s
round5: 1818 0.06744909286499023s
round6: 1839 0.06967449188232422s
round7: 1668 0.0671243667602539s
round8: 1782 0.06621766090393066s
round9: 1911 0.06681370735168457s
