round0: 438 0.02646946907043457s
round1: 441 0.02345585823059082s
round2: 450 0.025352954864501953s
round3: 426 0.026326417922973633s
round4: 450 0.035886287689208984s
round5: 480 0.031707763671875s
round6: 450 0.032938241958618164s
round7: 450 0.035660505294799805s
round8: 432 0.03477334976196289s
round9: 435 0.034380435943603516s
