round0: 1098 0.04549264907836914s
round1: 1011 0.052321434020996094s
round2: 1041 0.055342674255371094s
round3: 1080 0.05276370048522949s
round4: 1041 0.05286145210266113s
round5: 1005 0.05149483680725098s
round6: 1083 0.05514335632324219s
round7: 1107 0.04931235313415527s
round8: 1041 0.05025529861450195s
round9: 1083 0.04929637908935547s
