round0: 213 0.028967618942260742s
round1: 183 0.024697065353393555s
round2: 195 0.024878263473510742s
round3: 225 0.025725126266479492s
round4: 189 0.02480292320251465s
round5: 159 0.023130416870117188s
round6: 210 0.025469303131103516s
round7: 231 0.025651931762695312s
round8: 213 0.02473902702331543s
round9: 207 0.025272607803344727s
