round0: 864 0.049585580825805664s
round1: 948 0.0559537410736084s
round2: 948 0.05088663101196289s
round3: 924 0.046323537826538086s
round4: 882 0.04746675491333008s
round5: 846 0.04558730125427246s
round6: 879 0.04772663116455078s
round7: 933 0.04657626152038574s
round8: 906 0.048859357833862305s
round9: 927 0.05187106132507324s
