round0: 2451 0.0887293815612793s
round1: 2364 0.08063173294067383s
round2: 2280 0.09234619140625s
round3: 2262 0.08339643478393555s
round4: 2424 0.08533024787902832s
round5: 2433 0.07704305648803711s
round6: 2358 0.08198690414428711s
round7: 2286 0.08727312088012695s
round8: 2424 0.08588838577270508s
round9: 2322 0.07621622085571289s
