round0: 1296 0.07388567924499512s
round1: 1245 0.06145930290222168s
round2: 1269 0.05905294418334961s
round3: 1293 0.05793190002441406s
round4: 1326 0.05724740028381348s
round5: 1260 0.05646538734436035s
round6: 1173 0.058199405670166016s
round7: 1320 0.059404850006103516s
round8: 1299 0.05955147743225098s
round9: 1326 0.06534051895141602s
