round0: 120 0.02489471435546875s
round1: 108 0.022268295288085938s
round2: 87 0.02209329605102539s
round3: 105 0.02253413200378418s
round4: 90 0.022131681442260742s
round5: 123 0.022858142852783203s
round6: 123 0.02534770965576172s
round7: 132 0.02256488800048828s
round8: 129 0.022505521774291992s
round9: 123 0.022142410278320312s
