round0: 285 0.026874065399169922s
round1: 252 0.02372121810913086s
round2: 216 0.026957035064697266s
round3: 252 0.029644489288330078s
round4: 240 0.028228759765625s
round5: 288 0.03071117401123047s
round6: 255 0.032979726791381836s
round7: 261 0.030160188674926758s
round8: 300 0.033209800720214844s
round9: 261 0.03316783905029297s
