round0: 471 0.03818106651306152s
round1: 504 0.03467512130737305s
round2: 453 0.040985822677612305s
round3: 522 0.041458845138549805s
round4: 408 0.04099631309509277s
round5: 498 0.04279899597167969s
round6: 417 0.04162240028381348s
round7: 459 0.041072845458984375s
round8: 444 0.04221820831298828s
round9: 504 0.04089021682739258s
