round0: 195 0.03159737586975098s
round1: 147 0.026541471481323242s
round2: 219 0.027726411819458008s
round3: 186 0.02809000015258789s
round4: 204 0.02925848960876465s
round5: 198 0.02806401252746582s
round6: 150 0.025948047637939453s
round7: 156 0.026445388793945312s
round8: 147 0.026882648468017578s
round9: 183 0.027882814407348633s
