round0: 135 0.029009580612182617s
round1: 195 0.02674245834350586s
round2: 171 0.026881694793701172s
round3: 192 0.02662348747253418s
round4: 192 0.026674985885620117s
round5: 183 0.026439666748046875s
round6: 177 0.026452064514160156s
round7: 162 0.02484416961669922s
round8: 135 0.0251615047454834s
round9: 186 0.02572774887084961s
