round0: 216 0.032381534576416016s
round1: 228 0.02910304069519043s
round2: 204 0.028781890869140625s
round3: 198 0.02834773063659668s
round4: 204 0.027309894561767578s
round5: 210 0.028939247131347656s
round6: 177 0.02787613868713379s
round7: 225 0.029370546340942383s
round8: 234 0.02929234504699707s
round9: 210 0.027968168258666992s
