round0: 0 0.017827987670898438s
round1: 0 0.015535116195678711s
round2: 0 0.015504598617553711s
round3: 0 0.015512704849243164s
round4: 0 0.01541280746459961s
round5: 0 0.015595197677612305s
round6: 0 0.015787839889526367s
round7: 3 0.016160011291503906s
round8: 0 0.015669584274291992s
round9: 0 0.01581430435180664s
