round0: 0 0.02055644989013672s
round1: 9 0.016346454620361328s
round2: 0 0.015581369400024414s
round3: 3 0.015681028366088867s
round4: 0 0.015665769577026367s
round5: 3 0.01580214500427246s
round6: 3 0.01627969741821289s
round7: 0 0.016100168228149414s
round8: 0 0.015651464462280273s
round9: 6 0.01592850685119629s
