round0: 228 0.02883601188659668s
round1: 237 0.028847455978393555s
round2: 204 0.028073787689208984s
round3: 240 0.029228925704956055s
round4: 213 0.028242826461791992s
round5: 243 0.02878737449645996s
round6: 207 0.028741836547851562s
round7: 228 0.031352996826171875s
round8: 198 0.028265714645385742s
round9: 225 0.028913021087646484s
