round0: 237 0.029723167419433594s
round1: 246 0.02941417694091797s
round2: 243 0.029077529907226562s
round3: 222 0.02915501594543457s
round4: 195 0.02800893783569336s
round5: 210 0.02900409698486328s
round6: 219 0.02797102928161621s
round7: 249 0.024280071258544922s
round8: 249 0.024606943130493164s
round9: 231 0.02570819854736328s
