round0: 888 0.056120872497558594s
round1: 885 0.05949878692626953s
round2: 663 0.04945492744445801s
round3: 831 0.05052638053894043s
round4: 864 0.0549168586730957s
round5: 732 0.048223257064819336s
round6: 828 0.05202889442443848s
round7: 924 0.052884817123413086s
round8: 750 0.05059337615966797s
round9: 864 0.05373716354370117s
