round0: 0 0.020542621612548828s
round1: 3 0.01653003692626953s
round2: 6 0.01715230941772461s
round3: 3 0.016440391540527344s
round4: 6 0.01662302017211914s
round5: 3 0.016485929489135742s
round6: 6 0.016845703125s
round7: 9 0.017182588577270508s
round8: 9 0.016518115997314453s
round9: 9 0.01696157455444336s
