round0: 207 0.02605462074279785s
round1: 186 0.025629043579101562s
round2: 174 0.024031639099121094s
round3: 234 0.027092456817626953s
round4: 216 0.026310443878173828s
round5: 192 0.025921344757080078s
round6: 180 0.02565765380859375s
round7: 171 0.025945425033569336s
round8: 189 0.025900840759277344s
round9: 165 0.025996685028076172s
