round0: 645 0.04638051986694336s
round1: 621 0.04563713073730469s
round2: 633 0.045357704162597656s
round3: 630 0.04469704627990723s
round4: 552 0.0433502197265625s
round5: 636 0.04634261131286621s
round6: 600 0.04329657554626465s
round7: 603 0.04394268989562988s
round8: 582 0.04333925247192383s
round9: 600 0.04362607002258301s
