round0: 48 0.021544933319091797s
round1: 60 0.019654273986816406s
round2: 60 0.019234418869018555s
round3: 63 0.01967167854309082s
round4: 63 0.019314289093017578s
round5: 60 0.019343852996826172s
round6: 69 0.01959681510925293s
round7: 69 0.019526004791259766s
round8: 66 0.023243188858032227s
round9: 78 0.020134449005126953s
