round0: 12 0.008514881134033203s
round1: 9 0.008078575134277344s
round2: 12 0.007824182510375977s
round3: 12 0.025171995162963867s
round4: 12 0.007981538772583008s
round5: 12 0.007787227630615234s
round6: 12 0.0078582763671875s
round7: 12 0.007814407348632812s
round8: 12 0.0076830387115478516s
round9: 12 0.007894039154052734s
