round0: 24 0.008606672286987305s
round1: 24 0.008251428604125977s
round2: 24 0.008503913879394531s
round3: 24 0.008864164352416992s
round4: 24 0.008230447769165039s
round5: 24 0.008101224899291992s
round6: 24 0.00815439224243164s
round7: 24 0.008714437484741211s
round8: 24 0.008707761764526367s
round9: 24 0.008001565933227539s
