round0: 33 0.008827447891235352s
round1: 33 0.008704185485839844s
round2: 33 0.008556604385375977s
round3: 33 0.008400917053222656s
round4: 33 0.008440732955932617s
round5: 33 0.008448362350463867s
round6: 33 0.01094198226928711s
round7: 33 0.008798360824584961s
round8: 33 0.009396076202392578s
round9: 33 0.01049661636352539s
