round0: 15 0.013327836990356445s
round1: 0 0.011881828308105469s
round2: 12 0.013565301895141602s
round3: 15 0.013988018035888672s
round4: 27 0.014669656753540039s
round5: 6 0.014097213745117188s
round6: 3 0.013930797576904297s
round7: 0 0.013268709182739258s
round8: 18 0.013571739196777344s
round9: 0 0.013733386993408203s
