round0: 4101 0.14929437637329102s
round1: 4143 0.13851261138916016s
round2: 4077 0.1534438133239746s
round3: 4071 0.14638233184814453s
round4: 4068 0.1434943675994873s
round5: 4077 0.15335822105407715s
round6: 4074 0.14725232124328613s
round7: 4218 0.13914704322814941s
round8: 4107 0.14049553871154785s
round9: 4077 0.13702869415283203s
