round0: 24 0.008781909942626953s
round1: 24 0.007930755615234375s
round2: 21 0.008270263671875s
round3: 21 0.043456077575683594s
round4: 21 0.010317802429199219s
round5: 21 0.009394168853759766s
round6: 24 0.00813436508178711s
round7: 24 0.008290290832519531s
round8: 24 0.008733510971069336s
round9: 24 0.010033845901489258s
