round0: 405 0.021398305892944336s
round1: 375 0.023059606552124023s
round2: 384 0.02322864532470703s
round3: 369 0.02360677719116211s
round4: 357 0.024368762969970703s
round5: 399 0.023848533630371094s
round6: 339 0.023658037185668945s
round7: 369 0.02301311492919922s
round8: 408 0.024470806121826172s
round9: 369 0.024940013885498047s
