round0: 6624 0.24660229682922363s
round1: 7182 0.20917701721191406s
round2: 6945 0.19863533973693848s
round3: 7017 0.2058398723602295s
round4: 7062 0.20114970207214355s
round5: 7014 0.2071685791015625s
round6: 7056 0.2553400993347168s
round7: 7053 0.2415149211883545s
round8: 6759 0.23072075843811035s
round9: 7107 0.2058711051940918s
