round0: 1878 0.09237146377563477s
round1: 1746 0.08590006828308105s
round2: 1755 0.08387351036071777s
round3: 1956 0.08496594429016113s
round4: 1851 0.0966799259185791s
round5: 1734 0.08791446685791016s
round6: 1776 0.08667659759521484s
round7: 1836 0.08961892127990723s
round8: 1809 0.09087967872619629s
round9: 1791 0.08925890922546387s
