round0: 2973 0.12162899971008301s
round1: 2844 0.14333224296569824s
round2: 2811 0.12921786308288574s
round3: 2799 0.1263878345489502s
round4: 2811 0.14574360847473145s
round5: 2814 0.135009765625s
round6: 2964 0.13335561752319336s
round7: 2940 0.1289668083190918s
round8: 2859 0.12630176544189453s
round9: 3012 0.1319103240966797s
