round0: 33 0.008969783782958984s
round1: 30 0.008948087692260742s
round2: 33 0.009401321411132812s
round3: 30 0.009011268615722656s
round4: 30 0.009459495544433594s
round5: 33 0.010483741760253906s
round6: 30 0.008846282958984375s
round7: 30 0.009081602096557617s
round8: 33 0.009037017822265625s
round9: 33 0.008945465087890625s
