round0: 258 0.013234853744506836s
round1: 282 0.013231277465820312s
round2: 249 0.018901824951171875s
round3: 261 0.014743804931640625s
round4: 261 0.014901161193847656s
round5: 270 0.013572454452514648s
round6: 228 0.013325929641723633s
round7: 249 0.013463020324707031s
round8: 264 0.013173580169677734s
round9: 246 0.013053655624389648s
