round0: 6 0.01043391227722168s
round1: 6 0.009061574935913086s
round2: 6 0.009156942367553711s
round3: 6 0.00931096076965332s
round4: 6 0.009374141693115234s
round5: 6 0.009392499923706055s
round6: 6 0.009130716323852539s
round7: 6 0.009552001953125s
round8: 6 0.009727001190185547s
round9: 6 0.00936269760131836s
