round0: 6 0.009355306625366211s
round1: 9 0.009223222732543945s
round2: 6 0.013627052307128906s
round3: 9 0.009259700775146484s
round4: 9 0.009256124496459961s
round5: 6 0.009267330169677734s
round6: 6 0.009450674057006836s
round7: 6 0.00903463363647461s
round8: 6 0.009432315826416016s
round9: 6 0.009133577346801758s
