round0: 99 0.012460470199584961s
round1: 99 0.012655496597290039s
round2: 96 0.012387752532958984s
round3: 99 0.012458086013793945s
round4: 96 0.012047290802001953s
round5: 84 0.012024402618408203s
round6: 93 0.013199567794799805s
round7: 93 0.011986494064331055s
round8: 105 0.012281656265258789s
round9: 81 0.013710498809814453s
