round0: 147 0.015574216842651367s
round1: 138 0.01453256607055664s
round2: 153 0.013686180114746094s
round3: 129 0.013774633407592773s
round4: 144 0.013715505599975586s
round5: 135 0.013664007186889648s
round6: 123 0.013620138168334961s
round7: 132 0.013511896133422852s
round8: 138 0.014934778213500977s
round9: 126 0.013469219207763672s
