round0: 48 0.011744260787963867s
round1: 54 0.010922908782958984s
round2: 51 0.017929553985595703s
round3: 54 0.01146554946899414s
round4: 45 0.011553287506103516s
round5: 48 0.011319875717163086s
round6: 42 0.011333465576171875s
round7: 39 0.011156320571899414s
round8: 39 0.011134147644042969s
round9: 42 0.010833263397216797s
