round0: 9 0.008286476135253906s
round1: 9 0.007872343063354492s
round2: 9 0.00781393051147461s
round3: 12 0.008149862289428711s
round4: 6 0.011659622192382812s
round5: 9 0.007956981658935547s
round6: 6 0.008280277252197266s
round7: 9 0.007915019989013672s
round8: 6 0.007960319519042969s
round9: 6 0.008098840713500977s
