round0: 21 0.009524345397949219s
round1: 21 0.01027822494506836s
round2: 24 0.010312557220458984s
round3: 27 0.010619401931762695s
round4: 21 0.010467529296875s
round5: 24 0.010395050048828125s
round6: 21 0.011133909225463867s
round7: 30 0.010564088821411133s
round8: 24 0.010898828506469727s
round9: 24 0.01064443588256836s
