round0: 12 0.0102691650390625s
round1: 15 0.010242223739624023s
round2: 12 0.00996255874633789s
round3: 12 0.010154962539672852s
round4: 9 0.010137319564819336s
round5: 12 0.010338306427001953s
round6: 9 0.010260820388793945s
round7: 9 0.010057210922241211s
round8: 9 0.010405540466308594s
round9: 9 0.009848594665527344s
