round0: 993 0.05668783187866211s
round1: 1008 0.05402326583862305s
round2: 1062 0.06499624252319336s
round3: 1068 0.05563688278198242s
round4: 996 0.05283379554748535s
round5: 993 0.05106687545776367s
round6: 996 0.05257773399353027s
round7: 1008 0.053522348403930664s
round8: 1053 0.06075406074523926s
round9: 1113 0.05541658401489258s
