round0: 375 0.027626991271972656s
round1: 447 0.02756500244140625s
round2: 432 0.028825759887695312s
round3: 447 0.0278017520904541s
round4: 426 0.02796196937561035s
round5: 441 0.028772592544555664s
round6: 402 0.03107929229736328s
round7: 423 0.027773380279541016s
round8: 456 0.02833080291748047s
round9: 435 0.028348445892333984s
