round0: 2937 0.14480257034301758s
round1: 3174 0.1417098045349121s
round2: 3003 0.12910771369934082s
round3: 3054 0.12328791618347168s
round4: 3051 0.12999844551086426s
round5: 3006 0.1320805549621582s
round6: 2997 0.144791841506958s
round7: 3132 0.1384263038635254s
round8: 2967 0.13758420944213867s
round9: 2928 0.1325681209564209s
