round0: 1902 0.09400677680969238s
round1: 1995 0.09198880195617676s
round2: 1893 0.0892481803894043s
round3: 1905 0.09292221069335938s
round4: 1899 0.09095287322998047s
round5: 1896 0.09199929237365723s
round6: 1857 0.10151267051696777s
round7: 1824 0.0959482192993164s
round8: 1905 0.0887901782989502s
round9: 1842 0.09176039695739746s
