round0: 447 0.02267765998840332s
round1: 459 0.024878978729248047s
round2: 477 0.02718377113342285s
round3: 459 0.026871442794799805s
round4: 435 0.02754354476928711s
round5: 441 0.028778791427612305s
round6: 477 0.028060436248779297s
round7: 447 0.024967670440673828s
round8: 429 0.027585744857788086s
round9: 453 0.026222944259643555s
