round0: 84 0.013391494750976562s
round1: 81 0.013641119003295898s
round2: 75 0.013932943344116211s
round3: 81 0.015264511108398438s
round4: 81 0.017530202865600586s
round5: 87 0.013870477676391602s
round6: 84 0.013232946395874023s
round7: 87 0.013608455657958984s
round8: 93 0.013898134231567383s
round9: 96 0.013020753860473633s
