round0: 3096 0.14262032508850098s
round1: 3147 0.14240288734436035s
round2: 3129 0.14843320846557617s
round3: 3063 0.14820647239685059s
round4: 3318 0.1452486515045166s
round5: 3129 0.1378164291381836s
round6: 3249 0.14251184463500977s
round7: 3165 0.14573216438293457s
round8: 3042 0.14601564407348633s
round9: 3153 0.14214706420898438s
