round0: 777 0.052115440368652344s
round1: 795 0.04625868797302246s
round2: 825 0.046753883361816406s
round3: 837 0.04630875587463379s
round4: 810 0.0437469482421875s
round5: 825 0.04527735710144043s
round6: 819 0.04681253433227539s
round7: 810 0.04246830940246582s
round8: 834 0.04836869239807129s
round9: 819 0.04626822471618652s
