round0: 5733 0.2698531150817871s
round1: 5865 0.2231290340423584s
round2: 5775 0.21860122680664062s
round3: 5964 0.23960256576538086s
round4: 5721 0.24632787704467773s
round5: 5898 0.235978364944458s
round6: 5604 0.22556662559509277s
round7: 5904 0.23351359367370605s
round8: 6048 0.2645130157470703s
round9: 5856 0.21757197380065918s
