round0: 1083 0.04792332649230957s
round1: 1089 0.04690384864807129s
round2: 1038 0.0484619140625s
round3: 1119 0.053494930267333984s
round4: 1092 0.0542140007019043s
round5: 1161 0.0556330680847168s
round6: 1080 0.05615496635437012s
round7: 1068 0.05412769317626953s
round8: 996 0.05805778503417969s
round9: 1116 0.05615997314453125s
