round0: 75 0.0107879638671875s
round1: 69 0.017122983932495117s
round2: 78 0.013424396514892578s
round3: 69 0.013200998306274414s
round4: 57 0.01592421531677246s
round5: 75 0.012571334838867188s
round6: 69 0.013088703155517578s
round7: 72 0.01284170150756836s
round8: 66 0.012388944625854492s
round9: 75 0.012797355651855469s
