round0: 3279 0.12767601013183594s
round1: 3390 0.1474900245666504s
round2: 3306 0.13707685470581055s
round3: 3456 0.12974882125854492s
round4: 3315 0.12193107604980469s
round5: 3207 0.12140607833862305s
round6: 3462 0.12867403030395508s
round7: 3330 0.12292885780334473s
round8: 3420 0.14390969276428223s
round9: 3387 0.14831757545471191s
