round0: 2121 0.07126784324645996s
round1: 2013 0.07895731925964355s
round2: 2016 0.08336877822875977s
round3: 2010 0.07733321189880371s
round4: 2046 0.0805807113647461s
round5: 2088 0.08166956901550293s
round6: 2115 0.09549546241760254s
round7: 2100 0.08339953422546387s
round8: 2103 0.08420825004577637s
round9: 2061 0.08216094970703125s
