round0: 2154 0.09849357604980469s
round1: 2076 0.09924983978271484s
round2: 2115 0.10477018356323242s
round3: 2043 0.09529995918273926s
round4: 2061 0.09598612785339355s
round5: 2070 0.09260964393615723s
round6: 2124 0.09997868537902832s
round7: 2076 0.09377217292785645s
round8: 2121 0.10137367248535156s
round9: 2121 0.09279370307922363s
