round0: 78 0.011094808578491211s
round1: 78 0.011043787002563477s
round2: 90 0.011147022247314453s
round3: 75 0.011198043823242188s
round4: 84 0.015502452850341797s
round5: 78 0.01273798942565918s
round6: 75 0.012394428253173828s
round7: 81 0.011683464050292969s
round8: 75 0.012936830520629883s
round9: 75 0.012602806091308594s
