round0: 10089 0.46613073348999023s
round1: 9813 0.47997164726257324s
round2: 9387 0.43093180656433105s
round3: 9972 0.4304831027984619s
round4: 10266 0.42178845405578613s
round5: 9300 0.40969181060791016s
round6: 10245 0.44191718101501465s
round7: 10149 0.458148717880249s
round8: 10245 0.4113316535949707s
round9: 10161 0.44023919105529785s
