round0: 3 0.009543895721435547s
round1: 0 0.009698629379272461s
round2: 3 0.012270212173461914s
round3: 3 0.01258993148803711s
round4: 3 0.011917829513549805s
round5: 0 0.010865211486816406s
round6: 6 0.010802507400512695s
round7: 3 0.009889841079711914s
round8: 3 0.00950002670288086s
round9: 3 0.009422540664672852s
