round0: 156 0.016097545623779297s
round1: 162 0.015255451202392578s
round2: 111 0.013995647430419922s
round3: 141 0.01410818099975586s
round4: 198 0.014710187911987305s
round5: 183 0.014388799667358398s
round6: 186 0.015686511993408203s
round7: 189 0.01626133918762207s
round8: 180 0.01648116111755371s
round9: 162 0.015987634658813477s
