round0: 63 0.012209653854370117s
round1: 72 0.012662649154663086s
round2: 60 0.01239776611328125s
round3: 78 0.013044357299804688s
round4: 72 0.012935876846313477s
round5: 66 0.012427091598510742s
round6: 60 0.012926101684570312s
round7: 54 0.012156248092651367s
round8: 45 0.012043952941894531s
round9: 54 0.012568950653076172s
