round0: 2172 0.1378631591796875s
round1: 2115 0.12781476974487305s
round2: 2100 0.12616205215454102s
round3: 2055 0.11688995361328125s
round4: 2076 0.12033438682556152s
round5: 2085 0.12122130393981934s
round6: 2100 0.12099266052246094s
round7: 2085 0.11916875839233398s
round8: 2100 0.12029790878295898s
round9: 2097 0.12021183967590332s
