round0: 699 0.07290196418762207s
round1: 708 0.07750391960144043s
round2: 669 0.06972885131835938s
round3: 660 0.07415270805358887s
round4: 690 0.07333230972290039s
round5: 642 0.07389974594116211s
round6: 708 0.0701906681060791s
round7: 702 0.07278132438659668s
round8: 708 0.06949210166931152s
round9: 717 0.07315254211425781s
