round0: 636 0.07181859016418457s
round1: 660 0.07658576965332031s
round2: 666 0.0780940055847168s
round3: 660 0.06554436683654785s
round4: 660 0.06383419036865234s
round5: 651 0.0695807933807373s
round6: 651 0.07038760185241699s
round7: 606 0.06522321701049805s
round8: 663 0.06254100799560547s
round9: 621 0.06490159034729004s
