round0: 489 0.06641459465026855s
round1: 699 0.07713127136230469s
round2: 600 0.08297133445739746s
round3: 816 0.08635687828063965s
round4: 621 0.07195425033569336s
round5: 597 0.07836461067199707s
round6: 828 0.08407998085021973s
round7: 732 0.08906769752502441s
round8: 870 0.08942818641662598s
round9: 735 0.08893799781799316s
