round0: 159 0.020091533660888672s
round1: 153 0.02074456214904785s
round2: 165 0.019166946411132812s
round3: 165 0.021326780319213867s
round4: 153 0.02110433578491211s
round5: 177 0.02136397361755371s
round6: 153 0.021706342697143555s
round7: 165 0.02463078498840332s
round8: 162 0.02528858184814453s
round9: 150 0.025269508361816406s
