round0: 1272 0.15081167221069336s
round1: 1335 0.12810158729553223s
round2: 1356 0.1262199878692627s
round3: 1326 0.12132096290588379s
round4: 1347 0.11904501914978027s
round5: 1392 0.11723589897155762s
round6: 1323 0.11629605293273926s
round7: 1371 0.11606574058532715s
round8: 1362 0.11859679222106934s
round9: 1362 0.11839008331298828s
