round0: 186 0.04700422286987305s
round1: 165 0.04988813400268555s
round2: 201 0.050549983978271484s
round3: 153 0.048245906829833984s
round4: 219 0.05055069923400879s
round5: 162 0.045380353927612305s
round6: 207 0.04507708549499512s
round7: 123 0.045316219329833984s
round8: 207 0.03085923194885254s
round9: 222 0.04019618034362793s
