round0: 567 0.047911643981933594s
round1: 561 0.05210375785827637s
round2: 540 0.051965951919555664s
round3: 552 0.05797410011291504s
round4: 561 0.056962013244628906s
round5: 552 0.052774667739868164s
round6: 546 0.051546573638916016s
round7: 564 0.05702805519104004s
round8: 540 0.05511188507080078s
round9: 537 0.056429386138916016s
