round0: 627 0.05904436111450195s
round1: 612 0.0642385482788086s
round2: 630 0.06771516799926758s
round3: 648 0.061223745346069336s
round4: 624 0.05789017677307129s
round5: 633 0.06121373176574707s
round6: 633 0.057588815689086914s
round7: 630 0.05936574935913086s
round8: 624 0.06323671340942383s
round9: 639 0.06589102745056152s
