round0: 390 0.04477977752685547s
round1: 378 0.04816007614135742s
round2: 411 0.04816293716430664s
round3: 387 0.04965662956237793s
round4: 387 0.050374507904052734s
round5: 408 0.04958534240722656s
round6: 393 0.04945087432861328s
round7: 381 0.03982114791870117s
round8: 387 0.046938180923461914s
round9: 384 0.046866655349731445s
