round0: 747 0.06980299949645996s
round1: 744 0.07386183738708496s
round2: 723 0.07481765747070312s
round3: 738 0.07750654220581055s
round4: 714 0.0760502815246582s
round5: 747 0.07403016090393066s
round6: 753 0.07476925849914551s
round7: 753 0.07355141639709473s
round8: 729 0.0762484073638916s
round9: 741 0.07765364646911621s
