round0: 3435 0.15492892265319824s
round1: 3444 0.1529989242553711s
round2: 3486 0.15662837028503418s
round3: 3282 0.15476346015930176s
round4: 3474 0.16973114013671875s
round5: 3363 0.1657109260559082s
round6: 3402 0.16435790061950684s
round7: 3435 0.15909790992736816s
round8: 3381 0.17142486572265625s
round9: 3354 0.16781854629516602s
