round0: 390 0.04822373390197754s
round1: 357 0.054757118225097656s
round2: 345 0.057916879653930664s
round3: 336 0.06270837783813477s
round4: 342 0.06470274925231934s
round5: 360 0.06476664543151855s
round6: 333 0.06696033477783203s
round7: 333 0.06435966491699219s
round8: 261 0.06512117385864258s
round9: 354 0.0672459602355957s
