round0: 507 0.04911613464355469s
round1: 480 0.04804277420043945s
round2: 492 0.05041384696960449s
round3: 492 0.05615067481994629s
round4: 507 0.051125288009643555s
round5: 507 0.050956010818481445s
round6: 516 0.05081319808959961s
round7: 474 0.05536293983459473s
round8: 501 0.05523967742919922s
round9: 516 0.05861163139343262s
