round0: 72 0.017335176467895508s
round1: 81 0.01783132553100586s
round2: 72 0.016315698623657227s
round3: 75 0.017451047897338867s
round4: 72 0.01748514175415039s
round5: 72 0.017868995666503906s
round6: 69 0.01670980453491211s
round7: 72 0.015744924545288086s
round8: 75 0.015425682067871094s
round9: 81 0.017185688018798828s
