round0: 462 0.07951903343200684s
round1: 411 0.07446455955505371s
round2: 441 0.06999778747558594s
round3: 465 0.07177734375s
round4: 402 0.07242536544799805s
round5: 459 0.07080268859863281s
round6: 429 0.07105541229248047s
round7: 405 0.07049036026000977s
round8: 408 0.07819509506225586s
round9: 489 0.0731358528137207s
