round0: 483 0.08869385719299316s
round1: 531 0.08869528770446777s
round2: 339 0.08423995971679688s
round3: 699 0.09080100059509277s
round4: 555 0.09474706649780273s
round5: 648 0.09801554679870605s
round6: 669 0.09981870651245117s
round7: 471 0.08767199516296387s
round8: 507 0.0864553451538086s
round9: 516 0.09355044364929199s
