round0: 516 0.0852503776550293s
round1: 519 0.0749063491821289s
round2: 414 0.07678771018981934s
round3: 516 0.07765364646911621s
round4: 471 0.08150529861450195s
round5: 387 0.07174205780029297s
round6: 528 0.07811331748962402s
round7: 522 0.08134078979492188s
round8: 477 0.07256746292114258s
round9: 555 0.07099533081054688s
