round0: 975 0.10197281837463379s
round1: 990 0.09338665008544922s
round2: 1014 0.08891701698303223s
round3: 987 0.08877134323120117s
round4: 972 0.08855247497558594s
round5: 975 0.0917975902557373s
round6: 1014 0.09668612480163574s
round7: 996 0.09250235557556152s
round8: 978 0.09206342697143555s
round9: 1023 0.09392929077148438s
