round0: 774 0.08749103546142578s
round1: 789 0.08476591110229492s
round2: 828 0.08267712593078613s
round3: 816 0.08078837394714355s
round4: 822 0.0806570053100586s
round5: 810 0.07779526710510254s
round6: 822 0.07671451568603516s
round7: 840 0.07932901382446289s
round8: 813 0.07958412170410156s
round9: 786 0.07897591590881348s
