round0: 186 0.028935670852661133s
round1: 162 0.027466773986816406s
round2: 180 0.026230812072753906s
round3: 177 0.026209115982055664s
round4: 156 0.02472996711730957s
round5: 183 0.027248859405517578s
round6: 183 0.02658820152282715s
round7: 171 0.025439023971557617s
round8: 171 0.02627396583557129s
round9: 177 0.027554988861083984s
