round0: 2601 0.18034934997558594s
round1: 2508 0.13052797317504883s
round2: 2478 0.1340038776397705s
round3: 2565 0.1365196704864502s
round4: 2538 0.13922715187072754s
round5: 2499 0.13363432884216309s
round6: 2571 0.14258408546447754s
round7: 2556 0.14467453956604004s
round8: 2580 0.1623237133026123s
round9: 2427 0.18024611473083496s
