round0: 1197 0.10704874992370605s
round1: 1236 0.10369110107421875s
round2: 1239 0.09536886215209961s
round3: 1176 0.0991370677947998s
round4: 1218 0.10529828071594238s
round5: 1230 0.0976107120513916s
round6: 1221 0.0968480110168457s
round7: 1215 0.09431147575378418s
round8: 1230 0.10007882118225098s
round9: 1236 0.10056948661804199s
