round0: 1671 0.13521242141723633s
round1: 1686 0.11581158638000488s
round2: 1698 0.10481810569763184s
round3: 1707 0.09878230094909668s
round4: 1647 0.09454941749572754s
round5: 1608 0.09253501892089844s
round6: 1701 0.08770370483398438s
round7: 1674 0.10191941261291504s
round8: 1656 0.10084152221679688s
round9: 1641 0.11296963691711426s
