round0: 1722 0.13353276252746582s
round1: 1683 0.1262500286102295s
round2: 1596 0.12558293342590332s
round3: 1683 0.12353634834289551s
round4: 1641 0.11688613891601562s
round5: 1782 0.11387300491333008s
round6: 1692 0.11010575294494629s
round7: 1716 0.1092064380645752s
round8: 1728 0.11010193824768066s
round9: 1659 0.11419320106506348s
