round0: 2250 0.1289670467376709s
round1: 2181 0.1257784366607666s
round2: 2346 0.12815499305725098s
round3: 2286 0.12331151962280273s
round4: 2331 0.12755608558654785s
round5: 2322 0.12684321403503418s
round6: 2235 0.12637853622436523s
round7: 2301 0.13221383094787598s
round8: 2322 0.11522984504699707s
round9: 2286 0.11015439033508301s
