round0: 975 0.0978994369506836s
round1: 1002 0.0791172981262207s
round2: 1002 0.08486223220825195s
round3: 1017 0.07873725891113281s
round4: 999 0.08306884765625s
round5: 1002 0.08269524574279785s
round6: 1020 0.08228516578674316s
round7: 972 0.08372974395751953s
round8: 1026 0.08687615394592285s
round9: 939 0.08585834503173828s
