round0: 408 0.050247907638549805s
round1: 357 0.05466151237487793s
round2: 402 0.05653548240661621s
round3: 417 0.05770516395568848s
round4: 393 0.0575869083404541s
round5: 414 0.058406829833984375s
round6: 390 0.05649399757385254s
round7: 402 0.05338573455810547s
round8: 408 0.0559842586517334s
round9: 405 0.05875515937805176s
