round0: 1227 0.09603691101074219s
round1: 1296 0.0942544937133789s
round2: 1323 0.0959632396697998s
round3: 1245 0.10205459594726562s
round4: 1317 0.0996406078338623s
round5: 1170 0.08780121803283691s
round6: 1347 0.08815360069274902s
round7: 1350 0.08782482147216797s
round8: 1335 0.09139490127563477s
round9: 1335 0.09461760520935059s
