round0: 858 0.07515621185302734s
round1: 852 0.08054685592651367s
round2: 837 0.076934814453125s
round3: 840 0.07941126823425293s
round4: 867 0.07796978950500488s
round5: 840 0.08059024810791016s
round6: 807 0.07537341117858887s
round7: 843 0.07353448867797852s
round8: 867 0.07436919212341309s
round9: 849 0.0773470401763916s
