round0: 108 0.027164220809936523s
round1: 141 0.02659130096435547s
round2: 129 0.02565622329711914s
round3: 126 0.026242733001708984s
round4: 126 0.02548384666442871s
round5: 129 0.026972293853759766s
round6: 123 0.027329444885253906s
round7: 126 0.025201797485351562s
round8: 126 0.02713608741760254s
round9: 129 0.026684999465942383s
