round0: 153 0.030303478240966797s
round1: 153 0.033354759216308594s
round2: 141 0.03000330924987793s
round3: 141 0.03259539604187012s
round4: 138 0.03337860107421875s
round5: 132 0.03209733963012695s
round6: 177 0.032785892486572266s
round7: 153 0.032746076583862305s
round8: 165 0.03365588188171387s
round9: 156 0.03225994110107422s
