round0: 90 0.019004344940185547s
round1: 99 0.024457693099975586s
round2: 99 0.024091482162475586s
round3: 99 0.024658918380737305s
round4: 81 0.015639543533325195s
round5: 102 0.01977849006652832s
round6: 96 0.017779111862182617s
round7: 90 0.022907018661499023s
round8: 105 0.023578643798828125s
round9: 114 0.024710416793823242s
