round0: 48 0.01619434356689453s
round1: 54 0.015386581420898438s
round2: 69 0.01504063606262207s
round3: 60 0.015609264373779297s
round4: 54 0.013966560363769531s
round5: 57 0.014229059219360352s
round6: 63 0.017168045043945312s
round7: 60 0.016590356826782227s
round8: 63 0.015506505966186523s
round9: 60 0.01587200164794922s
