round0: 42 0.009961605072021484s
round1: 33 0.010569572448730469s
round2: 30 0.011429548263549805s
round3: 27 0.011163711547851562s
round4: 33 0.010753631591796875s
round5: 24 0.011252880096435547s
round6: 36 0.009809017181396484s
round7: 36 0.010934591293334961s
round8: 42 0.011218070983886719s
round9: 33 0.010917186737060547s
