round0: 129 0.030387163162231445s
round1: 111 0.030827999114990234s
round2: 141 0.030948162078857422s
round3: 141 0.028105735778808594s
round4: 120 0.028971433639526367s
round5: 138 0.026953697204589844s
round6: 120 0.028955698013305664s
round7: 135 0.024614334106445312s
round8: 129 0.02303171157836914s
round9: 135 0.027008771896362305s
