round0: 108 0.02239704132080078s
round1: 102 0.020647287368774414s
round2: 108 0.024495363235473633s
round3: 108 0.025539398193359375s
round4: 111 0.027034759521484375s
round5: 120 0.025689125061035156s
round6: 111 0.024608373641967773s
round7: 114 0.02734851837158203s
round8: 120 0.025903940200805664s
round9: 96 0.02110600471496582s
