round0: 144 0.02478313446044922s
round1: 150 0.03812217712402344s
round2: 165 0.03712177276611328s
round3: 186 0.04007267951965332s
round4: 168 0.0392911434173584s
round5: 150 0.03953075408935547s
round6: 180 0.03926348686218262s
round7: 138 0.04005146026611328s
round8: 153 0.0398099422454834s
round9: 150 0.03942060470581055s
