round0: 306 0.05431008338928223s
round1: 327 0.06075406074523926s
round2: 288 0.06038379669189453s
round3: 279 0.06290411949157715s
round4: 300 0.06023597717285156s
round5: 276 0.05873751640319824s
round6: 327 0.05895400047302246s
round7: 333 0.05972027778625488s
round8: 330 0.06078457832336426s
round9: 216 0.054848432540893555s
