round0: 270 0.035730838775634766s
round1: 264 0.04594278335571289s
round2: 258 0.050281524658203125s
round3: 273 0.05907940864562988s
round4: 249 0.05949807167053223s
round5: 237 0.05709719657897949s
round6: 273 0.060388803482055664s
round7: 243 0.05635333061218262s
round8: 315 0.057671308517456055s
round9: 288 0.05871248245239258s
