round0: 0 0.005966901779174805s
round1: 0 0.005844593048095703s
round2: 0 0.0061473846435546875s
round3: 0 0.006091117858886719s
round4: 0 0.006150007247924805s
round5: 0 0.006110429763793945s
round6: 0 0.005951404571533203s
round7: 0 0.005963802337646484s
round8: 0 0.00597691535949707s
round9: 0 0.005672931671142578s
