round0: 0 0.005496501922607422s
round1: 0 0.005753040313720703s
round2: 0 0.005827665328979492s
round3: 0 0.00578618049621582s
round4: 0 0.005829811096191406s
round5: 0 0.005746126174926758s
round6: 0 0.0058231353759765625s
round7: 0 0.00586390495300293s
round8: 0 0.005877256393432617s
round9: 0 0.005754947662353516s
