round0: 456 0.049974679946899414s
round1: 474 0.05568575859069824s
round2: 462 0.059744834899902344s
round3: 447 0.06079268455505371s
round4: 459 0.05234694480895996s
round5: 483 0.0600428581237793s
round6: 456 0.05602407455444336s
round7: 420 0.058481454849243164s
round8: 453 0.06093955039978027s
round9: 444 0.06281304359436035s
