round0: 51 0.012438058853149414s
round1: 45 0.012021541595458984s
round2: 45 0.013486623764038086s
round3: 66 0.012509584426879883s
round4: 51 0.012233972549438477s
round5: 48 0.01177072525024414s
round6: 63 0.012880802154541016s
round7: 54 0.012547969818115234s
round8: 57 0.01247715950012207s
round9: 48 0.01241922378540039s
