round0: 0 0.006853818893432617s
round1: 3 0.006674289703369141s
round2: 3 0.007173776626586914s
round3: 0 0.006578683853149414s
round4: 3 0.0065135955810546875s
round5: 0 0.0064661502838134766s
round6: 0 0.006583213806152344s
round7: 0 0.006729602813720703s
round8: 0 0.006625652313232422s
round9: 0 0.0071277618408203125s
