round0: 123 0.029874801635742188s
round1: 147 0.029230117797851562s
round2: 141 0.023849964141845703s
round3: 147 0.024152040481567383s
round4: 117 0.0240631103515625s
round5: 114 0.027460336685180664s
round6: 123 0.025569438934326172s
round7: 126 0.030086517333984375s
round8: 129 0.02437305450439453s
round9: 96 0.028862714767456055s
