round0: 435 0.08009099960327148s
round1: 606 0.08216595649719238s
round2: 306 0.08256363868713379s
round3: 480 0.08528280258178711s
round4: 642 0.08358001708984375s
round5: 639 0.08687376976013184s
round6: 486 0.08512115478515625s
round7: 624 0.08117985725402832s
round8: 549 0.08074593544006348s
round9: 543 0.0756688117980957s
