round0: 0 0.006339073181152344s
round1: 0 0.006398916244506836s
round2: 3 0.006449699401855469s
round3: 0 0.0065419673919677734s
round4: 0 0.006452322006225586s
round5: 0 0.006524324417114258s
round6: 0 0.006549835205078125s
round7: 0 0.006714344024658203s
round8: 0 0.006501913070678711s
round9: 0 0.0063512325286865234s
