round0: 309 0.05164003372192383s
round1: 309 0.04621481895446777s
round2: 219 0.046794891357421875s
round3: 315 0.05138087272644043s
round4: 342 0.046410560607910156s
round5: 282 0.053310394287109375s
round6: 330 0.050759315490722656s
round7: 330 0.05455732345581055s
round8: 312 0.048163414001464844s
round9: 321 0.05455589294433594s
