round0: 744 0.07778739929199219s
round1: 849 0.07978558540344238s
round2: 936 0.08184289932250977s
round3: 858 0.08411288261413574s
round4: 846 0.08359408378601074s
round5: 870 0.08359622955322266s
round6: 885 0.0879218578338623s
round7: 912 0.07850289344787598s
round8: 912 0.08275103569030762s
round9: 813 0.08423519134521484s
