round0: 411 0.03964591026306152s
round1: 423 0.04152393341064453s
round2: 411 0.07252788543701172s
round3: 408 0.03714132308959961s
round4: 402 0.04521894454956055s
round5: 375 0.043456315994262695s
round6: 405 0.04651331901550293s
round7: 390 0.046419382095336914s
round8: 357 0.04667210578918457s
round9: 369 0.04738283157348633s
