round0: 87 0.02075982093811035s
round1: 105 0.021466493606567383s
round2: 90 0.022974014282226562s
round3: 96 0.02258610725402832s
round4: 102 0.019142866134643555s
round5: 99 0.01827406883239746s
round6: 96 0.02163386344909668s
round7: 102 0.021917104721069336s
round8: 96 0.02211594581604004s
round9: 96 0.02435779571533203s
