round0: 336 0.03311562538146973s
round1: 318 0.03615117073059082s
round2: 339 0.04141998291015625s
round3: 330 0.03611421585083008s
round4: 324 0.03671550750732422s
round5: 339 0.036760807037353516s
round6: 366 0.041558027267456055s
round7: 351 0.03747248649597168s
round8: 333 0.03471708297729492s
round9: 339 0.03623628616333008s
