round0: 312 0.022473812103271484s
round1: 297 0.02812504768371582s
round2: 318 0.027124881744384766s
round3: 315 0.034090280532836914s
round4: 303 0.03627371788024902s
round5: 294 0.04774165153503418s
round6: 312 0.04360222816467285s
round7: 327 0.04160666465759277s
round8: 312 0.04321646690368652s
round9: 330 0.041321516036987305s
