round0: 129 0.02795696258544922s
round1: 69 0.029797792434692383s
round2: 78 0.025546550750732422s
round3: 120 0.03363752365112305s
round4: 90 0.028850555419921875s
round5: 129 0.03102564811706543s
round6: 108 0.028409481048583984s
round7: 120 0.027862071990966797s
round8: 78 0.02868819236755371s
round9: 120 0.028429269790649414s
