round0: 1074 0.05656123161315918s
round1: 1083 0.06154966354370117s
round2: 1080 0.06032729148864746s
round3: 1113 0.06123709678649902s
round4: 1110 0.056897640228271484s
round5: 1083 0.05868411064147949s
round6: 1041 0.06318807601928711s
round7: 1107 0.062470197677612305s
round8: 1068 0.0585482120513916s
round9: 1107 0.06071329116821289s
