round0: 291 0.039021968841552734s
round1: 285 0.03876852989196777s
round2: 285 0.037949562072753906s
round3: 300 0.03879380226135254s
round4: 261 0.03765392303466797s
round5: 279 0.03882765769958496s
round6: 273 0.04259085655212402s
round7: 252 0.03502368927001953s
round8: 267 0.03619527816772461s
round9: 267 0.03805875778198242s
