round0: 561 0.04997587203979492s
round1: 555 0.04459738731384277s
round2: 552 0.046202659606933594s
round3: 549 0.04556417465209961s
round4: 525 0.045635223388671875s
round5: 540 0.04668760299682617s
round6: 558 0.04733562469482422s
round7: 552 0.044248342514038086s
round8: 555 0.051285505294799805s
round9: 585 0.04205203056335449s
