round0: 702 0.060367584228515625s
round1: 732 0.05812668800354004s
round2: 726 0.05920243263244629s
round3: 723 0.04943275451660156s
round4: 741 0.05260944366455078s
round5: 765 0.05046510696411133s
round6: 735 0.050266265869140625s
round7: 741 0.04736828804016113s
round8: 729 0.0483853816986084s
round9: 720 0.05068683624267578s
