round0: 342 0.048476219177246094s
round1: 339 0.0437319278717041s
round2: 327 0.0412445068359375s
round3: 363 0.04561495780944824s
round4: 342 0.03615117073059082s
round5: 324 0.043114423751831055s
round6: 327 0.04184293746948242s
round7: 363 0.04027533531188965s
round8: 279 0.03640556335449219s
round9: 357 0.03902626037597656s
