round0: 312 0.03790473937988281s
round1: 336 0.03721165657043457s
round2: 381 0.037639617919921875s
round3: 339 0.03784346580505371s
round4: 363 0.031420230865478516s
round5: 375 0.032851219177246094s
round6: 345 0.03770136833190918s
round7: 354 0.0407099723815918s
round8: 351 0.03573942184448242s
round9: 360 0.03517603874206543s
