round0: 51 0.0200197696685791s
round1: 54 0.020601511001586914s
round2: 51 0.02078104019165039s
round3: 63 0.020223617553710938s
round4: 48 0.019741535186767578s
round5: 57 0.023824214935302734s
round6: 45 0.020364046096801758s
round7: 51 0.020315170288085938s
round8: 63 0.020134449005126953s
round9: 51 0.0205380916595459s
