round0: 186 0.02895522117614746s
round1: 192 0.04114341735839844s
round2: 195 0.03926992416381836s
round3: 216 0.034578800201416016s
round4: 228 0.034181833267211914s
round5: 189 0.038422584533691406s
round6: 246 0.03941488265991211s
round7: 186 0.03783440589904785s
round8: 189 0.032398223876953125s
round9: 222 0.03593635559082031s
