round0: 405 0.045564889907836914s
round1: 381 0.045652151107788086s
round2: 309 0.04356718063354492s
round3: 333 0.04418349266052246s
round4: 276 0.049495697021484375s
round5: 300 0.049011945724487305s
round6: 315 0.04372835159301758s
round7: 390 0.0436396598815918s
round8: 375 0.0503840446472168s
round9: 468 0.05562949180603027s
