round0: 450 0.041574954986572266s
round1: 444 0.042014122009277344s
round2: 471 0.04214191436767578s
round3: 453 0.04282331466674805s
round4: 432 0.039649009704589844s
round5: 423 0.042081594467163086s
round6: 432 0.03821611404418945s
round7: 453 0.03843545913696289s
round8: 447 0.03991889953613281s
round9: 429 0.03864550590515137s
