round0: 708 0.0702056884765625s
round1: 696 0.06263256072998047s
round2: 717 0.056960105895996094s
round3: 714 0.05868721008300781s
round4: 738 0.05534768104553223s
round5: 705 0.060167551040649414s
round6: 729 0.04673051834106445s
round7: 726 0.04566216468811035s
round8: 726 0.051613569259643555s
round9: 735 0.05312609672546387s
