round0: 1302 0.08981704711914062s
round1: 1218 0.08617758750915527s
round2: 1251 0.06989312171936035s
round3: 1302 0.07745003700256348s
round4: 1344 0.06290888786315918s
round5: 1284 0.07170248031616211s
round6: 1311 0.07339739799499512s
round7: 1239 0.07197785377502441s
round8: 1269 0.07678532600402832s
round9: 1317 0.07280230522155762s
