round0: 126 0.022952556610107422s
round1: 111 0.02684473991394043s
round2: 114 0.023336410522460938s
round3: 105 0.02297520637512207s
round4: 99 0.02530384063720703s
round5: 111 0.023245573043823242s
round6: 93 0.02199530601501465s
round7: 93 0.022732973098754883s
round8: 117 0.02254939079284668s
round9: 96 0.022300004959106445s
