round0: 477 0.032750844955444336s
round1: 453 0.038648366928100586s
round2: 492 0.04400181770324707s
round3: 489 0.04568839073181152s
round4: 441 0.04983329772949219s
round5: 510 0.0448610782623291s
round6: 477 0.047022342681884766s
round7: 453 0.044504404067993164s
round8: 477 0.04550337791442871s
round9: 462 0.0441434383392334s
