round0: 1173 0.0698854923248291s
round1: 1209 0.06725716590881348s
round2: 1254 0.06720542907714844s
round3: 1221 0.06740212440490723s
round4: 1224 0.0633394718170166s
round5: 1152 0.06640982627868652s
round6: 1188 0.06526494026184082s
round7: 1242 0.06394147872924805s
round8: 1242 0.07166266441345215s
round9: 1257 0.0686037540435791s
