round0: 138 0.02665114402770996s
round1: 135 0.03171801567077637s
round2: 135 0.026665210723876953s
round3: 120 0.025966644287109375s
round4: 132 0.02603626251220703s
round5: 87 0.025183439254760742s
round6: 141 0.02721118927001953s
round7: 114 0.027920961380004883s
round8: 135 0.026607990264892578s
round9: 93 0.02481532096862793s
