round0: 6 0.01684260368347168s
round1: 3 0.01683497428894043s
round2: 3 0.0165860652923584s
round3: 3 0.016507863998413086s
round4: 9 0.017531394958496094s
round5: 3 0.01896500587463379s
round6: 3 0.017428159713745117s
round7: 6 0.01688838005065918s
round8: 3 0.016605138778686523s
round9: 3 0.016798734664916992s
