round0: 129 0.023716449737548828s
round1: 135 0.02945399284362793s
round2: 117 0.025738954544067383s
round3: 138 0.02659153938293457s
round4: 144 0.026571989059448242s
round5: 117 0.025890350341796875s
round6: 144 0.026050567626953125s
round7: 159 0.030129194259643555s
round8: 138 0.02625584602355957s
round9: 156 0.026985883712768555s
