round0: 129 0.025543689727783203s
round1: 99 0.02126598358154297s
round2: 87 0.019948244094848633s
round3: 69 0.027340412139892578s
round4: 111 0.024974822998046875s
round5: 123 0.024866342544555664s
round6: 105 0.024709701538085938s
round7: 114 0.02478194236755371s
round8: 99 0.02476811408996582s
round9: 84 0.023891687393188477s
