round0: 66 0.015130281448364258s
round1: 66 0.02197885513305664s
round2: 75 0.021412134170532227s
round3: 72 0.021650314331054688s
round4: 72 0.022689342498779297s
round5: 63 0.02156352996826172s
round6: 57 0.02180194854736328s
round7: 60 0.021180152893066406s
round8: 75 0.024397850036621094s
round9: 60 0.021567344665527344s
