round0: 234 0.036563873291015625s
round1: 285 0.029408693313598633s
round2: 264 0.033133506774902344s
round3: 237 0.032507896423339844s
round4: 219 0.038478851318359375s
round5: 306 0.03645038604736328s
round6: 276 0.036377668380737305s
round7: 270 0.0368344783782959s
round8: 225 0.035512447357177734s
round9: 213 0.03876519203186035s
