round0: 306 0.03702950477600098s
round1: 267 0.035341501235961914s
round2: 300 0.035544395446777344s
round3: 303 0.036186933517456055s
round4: 222 0.03611898422241211s
round5: 249 0.0350642204284668s
round6: 309 0.03568863868713379s
round7: 294 0.03596758842468262s
round8: 303 0.03775501251220703s
round9: 297 0.0365755558013916s
