round0: 0 0.01628279685974121s
round1: 0 0.01921987533569336s
round2: 0 0.01599740982055664s
round3: 3 0.016297340393066406s
round4: 3 0.016164779663085938s
round5: 0 0.0241849422454834s
round6: 0 0.016824007034301758s
round7: 0 0.014891386032104492s
round8: 0 0.011584758758544922s
round9: 0 0.016828298568725586s
