round0: 36 0.019366025924682617s
round1: 45 0.019609928131103516s
round2: 48 0.019566059112548828s
round3: 45 0.019580841064453125s
round4: 36 0.019496679306030273s
round5: 45 0.01989889144897461s
round6: 36 0.022055387496948242s
round7: 42 0.018852949142456055s
round8: 45 0.01937127113342285s
round9: 45 0.01897430419921875s
