round0: 315 0.03615093231201172s
round1: 369 0.03845095634460449s
round2: 393 0.03888845443725586s
round3: 288 0.03587532043457031s
round4: 333 0.03694891929626465s
round5: 303 0.03675413131713867s
round6: 300 0.03541731834411621s
round7: 345 0.04104781150817871s
round8: 336 0.04025149345397949s
round9: 372 0.03827667236328125s
