round0: 540 0.044681549072265625s
round1: 507 0.048365116119384766s
round2: 555 0.049591779708862305s
round3: 534 0.05537915229797363s
round4: 534 0.0484464168548584s
round5: 528 0.05005335807800293s
round6: 558 0.04958844184875488s
round7: 537 0.05237770080566406s
round8: 486 0.04800295829772949s
round9: 627 0.05280947685241699s
