round0: 0 0.011859416961669922s
round1: 0 0.016278505325317383s
round2: 0 0.01968550682067871s
round3: 0 0.016181468963623047s
round4: 0 0.01613640785217285s
round5: 0 0.015986919403076172s
round6: 0 0.01635599136352539s
round7: 0 0.01595473289489746s
round8: 0 0.015971899032592773s
round9: 0 0.01607990264892578s
