round0: 120 0.026421546936035156s
round1: 111 0.025529861450195312s
round2: 120 0.025820016860961914s
round3: 126 0.026039838790893555s
round4: 117 0.025560855865478516s
round5: 120 0.025929927825927734s
round6: 117 0.02895045280456543s
round7: 105 0.02790689468383789s
round8: 138 0.026788949966430664s
round9: 114 0.025778770446777344s
