round0: 45 0.01766061782836914s
round1: 45 0.010759115219116211s
round2: 45 0.01068878173828125s
round3: 45 0.01077890396118164s
round4: 45 0.010857105255126953s
round5: 45 0.010979175567626953s
round6: 45 0.010854959487915039s
round7: 45 0.010929107666015625s
round8: 45 0.011022090911865234s
round9: 45 0.011185884475708008s
