round0: 3150 0.10370421409606934s
round1: 3201 0.10217499732971191s
round2: 3183 0.10791206359863281s
round3: 3198 0.10413098335266113s
round4: 3222 0.10687565803527832s
round5: 3171 0.10601162910461426s
round6: 3141 0.10291099548339844s
round7: 3207 0.10396409034729004s
round8: 3198 0.11038327217102051s
round9: 3168 0.11698126792907715s
