round0: 15954 0.5502524375915527s
round1: 15816 0.46626710891723633s
round2: 15957 0.4542973041534424s
round3: 16314 0.4893767833709717s
round4: 16170 0.4490664005279541s
round5: 16170 0.45031309127807617s
round6: 15828 0.4962944984436035s
round7: 16206 0.47007226943969727s
round8: 15840 0.45317912101745605s
round9: 16110 0.46657705307006836s
