round0: 5154 0.18011903762817383s
round1: 5139 0.1783614158630371s
round2: 5181 0.1618812084197998s
round3: 5091 0.16959571838378906s
round4: 5157 0.16677188873291016s
round5: 5091 0.1615610122680664s
round6: 5163 0.1642768383026123s
round7: 5178 0.16744303703308105s
round8: 5151 0.1605062484741211s
round9: 5166 0.19386029243469238s
