round0: 0 0.044454097747802734s
round1: 0 0.011696815490722656s
round2: 0 0.011339426040649414s
round3: 0 0.011336565017700195s
round4: 0 0.010912895202636719s
round5: 12 0.01175069808959961s
round6: 15 0.010785579681396484s
round7: 18 0.011487007141113281s
round8: 0 0.011438608169555664s
round9: 0 0.010758399963378906s
