round0: 39 0.015864849090576172s
round1: 57 0.01697397232055664s
round2: 15 0.01779007911682129s
round3: 42 0.01618337631225586s
round4: 15 0.01506352424621582s
round5: 48 0.019034624099731445s
round6: 48 0.01601243019104004s
round7: 72 0.017981529235839844s
round8: 84 0.01662278175354004s
round9: 81 0.015932559967041016s
