round0: 222 0.01638317108154297s
round1: 201 0.01763439178466797s
round2: 210 0.0778038501739502s
round3: 246 0.01923656463623047s
round4: 204 0.018681049346923828s
round5: 222 0.01904129981994629s
round6: 228 0.018856525421142578s
round7: 222 0.019141197204589844s
round8: 243 0.019176959991455078s
round9: 216 0.018805980682373047s
