round0: 627 0.03207516670227051s
round1: 654 0.0316624641418457s
round2: 666 0.03165316581726074s
round3: 636 0.03109574317932129s
round4: 627 0.03022027015686035s
round5: 744 0.03135395050048828s
round6: 582 0.03101038932800293s
round7: 594 0.02996683120727539s
round8: 639 0.0305178165435791s
round9: 684 0.03005075454711914s
