round0: 111 0.01436305046081543s
round1: 108 0.01380014419555664s
round2: 108 0.013900279998779297s
round3: 99 0.013036966323852539s
round4: 117 0.014687538146972656s
round5: 117 0.011414289474487305s
round6: 120 0.011842966079711914s
round7: 102 0.011635303497314453s
round8: 105 0.01181936264038086s
round9: 111 0.011437416076660156s
