round0: 2817 0.11334633827209473s
round1: 2955 0.11477446556091309s
round2: 2832 0.11607956886291504s
round3: 2748 0.10496950149536133s
round4: 2844 0.0998692512512207s
round5: 2793 0.09377813339233398s
round6: 2730 0.08981490135192871s
round7: 2805 0.09774351119995117s
round8: 2877 0.09834456443786621s
round9: 2853 0.09790301322937012s
