round0: 4797 0.1702556610107422s
round1: 4782 0.17509722709655762s
round2: 4674 0.16919255256652832s
round3: 4767 0.17454314231872559s
round4: 4812 0.16936707496643066s
round5: 4689 0.165480375289917s
round6: 4983 0.17486858367919922s
round7: 4878 0.18300271034240723s
round8: 4905 0.17919468879699707s
round9: 4944 0.1794600486755371s
