round0: 279 0.016243457794189453s
round1: 282 0.016661643981933594s
round2: 294 0.04235982894897461s
round3: 288 0.018723487854003906s
round4: 291 0.019379615783691406s
round5: 285 0.0199129581451416s
round6: 285 0.01973581314086914s
round7: 288 0.019913911819458008s
round8: 282 0.020375490188598633s
round9: 288 0.02054142951965332s
