round0: 12927 0.40981173515319824s
round1: 12975 0.36339545249938965s
round2: 12975 0.3500683307647705s
round3: 12921 0.36803650856018066s
round4: 12894 0.3578653335571289s
round5: 12942 0.3622901439666748s
round6: 12708 0.3479912281036377s
round7: 12957 0.35269951820373535s
round8: 13032 0.3716137409210205s
round9: 12942 0.3569176197052002s
