round0: 9096 0.26236963272094727s
round1: 9519 0.2666306495666504s
round2: 9351 0.26735806465148926s
round3: 9138 0.2544882297515869s
round4: 9507 0.2630436420440674s
round5: 9141 0.27492451667785645s
round6: 9117 0.26923060417175293s
round7: 9357 0.27220940589904785s
round8: 9315 0.277773380279541s
round9: 9054 0.2593574523925781s
