round0: 3051 0.11234331130981445s
round1: 3084 0.10645246505737305s
round2: 3060 0.10430073738098145s
round3: 3057 0.1090552806854248s
round4: 3057 0.10750389099121094s
round5: 3066 0.10746455192565918s
round6: 3060 0.11265134811401367s
round7: 3078 0.1156313419342041s
round8: 3063 0.11006450653076172s
round9: 3090 0.1145315170288086s
