round0: 33132 1.0172574520111084s
round1: 33009 0.9230077266693115s
round2: 33027 0.9111952781677246s
round3: 33054 0.906416654586792s
round4: 32949 0.9208638668060303s
round5: 33174 0.9630649089813232s
round6: 33171 0.9228498935699463s
round7: 32976 0.8849356174468994s
round8: 33075 0.9114205837249756s
round9: 33144 0.8963274955749512s
