round0: 2727 0.08640217781066895s
round1: 2823 0.09234976768493652s
round2: 2778 0.09757137298583984s
round3: 2784 0.09573578834533691s
round4: 2733 0.10912728309631348s
round5: 2781 0.09988737106323242s
round6: 2745 0.09755945205688477s
round7: 2841 0.09513330459594727s
round8: 2730 0.09435248374938965s
round9: 2790 0.09503436088562012s
