round0: 330 0.0337674617767334s
round1: 324 0.028237104415893555s
round2: 357 0.0314946174621582s
round3: 348 0.03261756896972656s
round4: 348 0.03269147872924805s
round5: 342 0.026660919189453125s
round6: 348 0.02751469612121582s
round7: 312 0.027493953704833984s
round8: 354 0.027740955352783203s
round9: 342 0.030736684799194336s
