round0: 6 0.006746768951416016s
round1: 6 0.0066471099853515625s
round2: 6 0.006692647933959961s
round3: 6 0.006620168685913086s
round4: 6 0.00664067268371582s
round5: 6 0.007773876190185547s
round6: 6 0.0068776607513427734s
round7: 6 0.0068395137786865234s
round8: 6 0.0066754817962646484s
round9: 6 0.0066375732421875s
