round0: 351 0.028516292572021484s
round1: 348 0.026787757873535156s
round2: 354 0.027048349380493164s
round3: 348 0.031220197677612305s
round4: 348 0.03565359115600586s
round5: 348 0.03238511085510254s
round6: 375 0.0267486572265625s
round7: 345 0.027148008346557617s
round8: 333 0.02714991569519043s
round9: 333 0.026336669921875s
