round0: 153 0.01828145980834961s
round1: 150 0.018763065338134766s
round2: 165 0.018642187118530273s
round3: 141 0.01838541030883789s
round4: 135 0.018349170684814453s
round5: 144 0.01932048797607422s
round6: 141 0.018035173416137695s
round7: 147 0.0183255672454834s
round8: 138 0.01830744743347168s
round9: 138 0.018187284469604492s
