round0: 6 0.008363962173461914s
round1: 6 0.008230924606323242s
round2: 6 0.008379220962524414s
round3: 6 0.00836801528930664s
round4: 6 0.007902860641479492s
round5: 6 0.008639812469482422s
round6: 6 0.008015155792236328s
round7: 6 0.008036613464355469s
round8: 6 0.008211851119995117s
round9: 6 0.007851839065551758s
