round0: 135 0.015317440032958984s
round1: 138 0.021384239196777344s
round2: 123 0.017025232315063477s
round3: 138 0.015956401824951172s
round4: 141 0.01812911033630371s
round5: 135 0.01575303077697754s
round6: 141 0.01485896110534668s
round7: 141 0.015508651733398438s
round8: 141 0.01491236686706543s
round9: 132 0.01481008529663086s
