round0: 12 0.007471561431884766s
round1: 9 0.009752035140991211s
round2: 12 0.008394241333007812s
round3: 9 0.009300947189331055s
round4: 12 0.007895708084106445s
round5: 12 0.0076863765716552734s
round6: 12 0.007814407348632812s
round7: 12 0.007383584976196289s
round8: 9 0.008059024810791016s
round9: 9 0.007311820983886719s
