round0: 381 0.03371858596801758s
round1: 375 0.028738021850585938s
round2: 369 0.032013893127441406s
round3: 372 0.032613277435302734s
round4: 366 0.03325080871582031s
round5: 360 0.03212857246398926s
round6: 372 0.03265070915222168s
round7: 360 0.03194093704223633s
round8: 366 0.027794361114501953s
round9: 384 0.03200674057006836s
