round0: 147 0.01872563362121582s
round1: 153 0.01601886749267578s
round2: 141 0.015543222427368164s
round3: 165 0.01586771011352539s
round4: 141 0.015712738037109375s
round5: 168 0.01601696014404297s
round6: 141 0.017355918884277344s
round7: 141 0.017556428909301758s
round8: 147 0.018099308013916016s
round9: 141 0.018219947814941406s
