round0: 9 0.007572650909423828s
round1: 9 0.007269859313964844s
round2: 9 0.007088422775268555s
round3: 9 0.007000923156738281s
round4: 9 0.006822109222412109s
round5: 9 0.0068438053131103516s
round6: 9 0.006802558898925781s
round7: 9 0.007552385330200195s
round8: 9 0.00798940658569336s
round9: 9 0.007867097854614258s
