round0: 12 0.007812738418579102s
round1: 12 0.0075609683990478516s
round2: 12 0.006692409515380859s
round3: 12 0.006971597671508789s
round4: 12 0.006991863250732422s
round5: 12 0.006743192672729492s
round6: 12 0.006849765777587891s
round7: 12 0.0067980289459228516s
round8: 12 0.006697177886962891s
round9: 12 0.006875514984130859s
