round0: 381 0.033078908920288086s
round1: 402 0.03413677215576172s
round2: 396 0.034485816955566406s
round3: 408 0.03386425971984863s
round4: 408 0.03344869613647461s
round5: 390 0.03445267677307129s
round6: 393 0.03257918357849121s
round7: 405 0.03330349922180176s
round8: 393 0.03468203544616699s
round9: 372 0.033196449279785156s
