round0: 1761 0.1201167106628418s
round1: 1803 0.11701130867004395s
round2: 1797 0.11850571632385254s
round3: 1737 0.12059617042541504s
round4: 1704 0.12007880210876465s
round5: 1776 0.11971306800842285s
round6: 1794 0.11953282356262207s
round7: 1791 0.11903023719787598s
round8: 1740 0.12577152252197266s
round9: 1749 0.1208045482635498s
