round0: 210 0.02780890464782715s
round1: 201 0.03223681449890137s
round2: 210 0.033547401428222656s
round3: 198 0.03414583206176758s
round4: 207 0.03339529037475586s
round5: 216 0.03326225280761719s
round6: 222 0.030559062957763672s
round7: 216 0.034368038177490234s
round8: 195 0.03329634666442871s
round9: 210 0.03350043296813965s
