round0: 6 0.011857748031616211s
round1: 6 0.011190176010131836s
round2: 3 0.010909557342529297s
round3: 3 0.011262655258178711s
round4: 3 0.011304140090942383s
round5: 3 0.011380434036254883s
round6: 3 0.011230230331420898s
round7: 3 0.010954618453979492s
round8: 6 0.0115966796875s
round9: 3 0.012356042861938477s
