round0: 519 0.061661720275878906s
round1: 573 0.06070756912231445s
round2: 561 0.05179166793823242s
round3: 552 0.05112743377685547s
round4: 561 0.05014348030090332s
round5: 558 0.05872392654418945s
round6: 552 0.0622556209564209s
round7: 564 0.05336451530456543s
round8: 555 0.05010342597961426s
round9: 561 0.05795145034790039s
