round0: 219 0.029108762741088867s
round1: 213 0.027495145797729492s
round2: 216 0.02747058868408203s
round3: 222 0.02806997299194336s
round4: 210 0.02825331687927246s
round5: 222 0.02888011932373047s
round6: 210 0.027880191802978516s
round7: 222 0.03415513038635254s
round8: 225 0.03367257118225098s
round9: 219 0.03316855430603027s
