round0: 552 0.05992579460144043s
round1: 519 0.05940723419189453s
round2: 543 0.05829739570617676s
round3: 531 0.05909299850463867s
round4: 546 0.05440354347229004s
round5: 552 0.053282976150512695s
round6: 546 0.0497586727142334s
round7: 537 0.049858808517456055s
round8: 525 0.04923200607299805s
round9: 567 0.059821367263793945s
