round0: 192 0.03202247619628906s
round1: 210 0.03264665603637695s
round2: 207 0.03516793251037598s
round3: 207 0.033919334411621094s
round4: 216 0.033730506896972656s
round5: 192 0.033835411071777344s
round6: 207 0.033272743225097656s
round7: 201 0.03312420845031738s
round8: 195 0.03323817253112793s
round9: 198 0.03287935256958008s
