round0: 3 0.011569023132324219s
round1: 3 0.011631011962890625s
round2: 3 0.011307001113891602s
round3: 3 0.011142492294311523s
round4: 3 0.010830402374267578s
round5: 3 0.010982751846313477s
round6: 3 0.010953664779663086s
round7: 3 0.010616064071655273s
round8: 3 0.010869741439819336s
round9: 3 0.01077580451965332s
