round0: 72 0.02117180824279785s
round1: 63 0.019980907440185547s
round2: 72 0.01986098289489746s
round3: 60 0.020864248275756836s
round4: 69 0.020505666732788086s
round5: 72 0.0180816650390625s
round6: 63 0.019279003143310547s
round7: 69 0.019858121871948242s
round8: 69 0.020323991775512695s
round9: 66 0.02094411849975586s
