round0: 78 0.017884016036987305s
round1: 75 0.017050743103027344s
round2: 69 0.016950368881225586s
round3: 72 0.019880294799804688s
round4: 84 0.020185232162475586s
round5: 78 0.020564556121826172s
round6: 69 0.020524024963378906s
round7: 75 0.01884150505065918s
round8: 72 0.019535064697265625s
round9: 69 0.019962310791015625s
