round0: 1815 0.13933181762695312s
round1: 1731 0.11642837524414062s
round2: 1782 0.1188814640045166s
round3: 1779 0.12028074264526367s
round4: 1764 0.1187293529510498s
round5: 1758 0.11899113655090332s
round6: 1803 0.1222066879272461s
round7: 1836 0.1234138011932373s
round8: 1758 0.11985921859741211s
round9: 1776 0.12073349952697754s
