round0: 84 0.0188446044921875s
round1: 72 0.021181821823120117s
round2: 75 0.020450353622436523s
round3: 69 0.018350839614868164s
round4: 66 0.019490718841552734s
round5: 87 0.01810312271118164s
round6: 66 0.016437768936157227s
round7: 75 0.017636537551879883s
round8: 72 0.016536235809326172s
round9: 69 0.016621828079223633s
