round0: 6 0.011656045913696289s
round1: 6 0.010965108871459961s
round2: 6 0.011034727096557617s
round3: 6 0.011940717697143555s
round4: 6 0.012172698974609375s
round5: 6 0.011221647262573242s
round6: 6 0.01139068603515625s
round7: 6 0.011827468872070312s
round8: 6 0.011044740676879883s
round9: 9 0.010860443115234375s
