round0: 981 0.0906822681427002s
round1: 1020 0.08914804458618164s
round2: 1011 0.07774233818054199s
round3: 1011 0.07683539390563965s
round4: 1011 0.08103251457214355s
round5: 999 0.07604551315307617s
round6: 1020 0.07888031005859375s
round7: 1002 0.08878183364868164s
round8: 990 0.08843421936035156s
round9: 999 0.08900117874145508s
