round0: 1053 0.09226822853088379s
round1: 1032 0.08622241020202637s
round2: 1026 0.09058284759521484s
round3: 1047 0.09291577339172363s
round4: 1023 0.09406423568725586s
round5: 1035 0.07766890525817871s
round6: 1056 0.08963251113891602s
round7: 1056 0.09157466888427734s
round8: 1017 0.09175872802734375s
round9: 1053 0.09430265426635742s
