round0: 231 0.03444695472717285s
round1: 204 0.0335240364074707s
round2: 216 0.033255577087402344s
round3: 213 0.03581714630126953s
round4: 210 0.03192543983459473s
round5: 222 0.03363204002380371s
round6: 210 0.03377962112426758s
round7: 228 0.03321218490600586s
round8: 222 0.027918100357055664s
round9: 213 0.027805328369140625s
