round0: 516 0.05853080749511719s
round1: 525 0.05748152732849121s
round2: 534 0.06029987335205078s
round3: 552 0.05900859832763672s
round4: 540 0.0603330135345459s
round5: 543 0.06036257743835449s
round6: 549 0.06002020835876465s
round7: 543 0.053342342376708984s
round8: 537 0.04915809631347656s
round9: 558 0.05164623260498047s
