round0: 1011 0.08096170425415039s
round1: 1038 0.0775461196899414s
round2: 1026 0.07922887802124023s
round3: 1023 0.08918118476867676s
round4: 1017 0.10064101219177246s
round5: 1062 0.09069514274597168s
round6: 1035 0.09133028984069824s
round7: 1047 0.09266018867492676s
round8: 1035 0.09549975395202637s
round9: 1014 0.09048151969909668s
