round0: 225 0.03320574760437012s
round1: 219 0.033889055252075195s
round2: 216 0.02940821647644043s
round3: 225 0.028085708618164062s
round4: 228 0.027942419052124023s
round5: 228 0.028023481369018555s
round6: 216 0.02792954444885254s
round7: 222 0.03218483924865723s
round8: 213 0.03364300727844238s
round9: 213 0.03331732749938965s
