round0: 513 0.059131622314453125s
round1: 546 0.05990147590637207s
round2: 543 0.05891084671020508s
round3: 516 0.05842876434326172s
round4: 513 0.062001705169677734s
round5: 543 0.061376094818115234s
round6: 519 0.05534648895263672s
round7: 522 0.057874441146850586s
round8: 534 0.06052660942077637s
round9: 543 0.05907011032104492s
