round0: 993 0.08113527297973633s
round1: 999 0.07695531845092773s
round2: 1020 0.07676100730895996s
round3: 960 0.07451343536376953s
round4: 990 0.07545995712280273s
round5: 1014 0.0773472785949707s
round6: 1023 0.08504009246826172s
round7: 990 0.0778660774230957s
round8: 1029 0.07569527626037598s
round9: 966 0.07764697074890137s
