round0: 72 0.01998162269592285s
round1: 75 0.019738435745239258s
round2: 69 0.02011871337890625s
round3: 75 0.022803306579589844s
round4: 69 0.019955158233642578s
round5: 75 0.020081043243408203s
round6: 66 0.020404338836669922s
round7: 75 0.020055055618286133s
round8: 66 0.019040584564208984s
round9: 63 0.020233154296875s
