round0: 1776 0.1221463680267334s
round1: 1815 0.11729836463928223s
round2: 1794 0.1328587532043457s
round3: 1761 0.12477231025695801s
round4: 1749 0.12200665473937988s
round5: 1797 0.11652874946594238s
round6: 1755 0.11735153198242188s
round7: 1743 0.13462185859680176s
round8: 1770 0.14359116554260254s
round9: 1782 0.12149977684020996s
