round0: 1014 0.09194326400756836s
round1: 972 0.08892321586608887s
round2: 1008 0.08073282241821289s
round3: 999 0.0765233039855957s
round4: 1020 0.07756257057189941s
round5: 1017 0.0785515308380127s
round6: 969 0.07534980773925781s
round7: 1026 0.07577991485595703s
round8: 1011 0.09196686744689941s
round9: 1029 0.09076523780822754s
