round0: 75 0.01710343360900879s
round1: 78 0.018879175186157227s
round2: 72 0.02139425277709961s
round3: 87 0.0202329158782959s
round4: 72 0.019666433334350586s
round5: 84 0.021080970764160156s
round6: 75 0.02062225341796875s
round7: 78 0.020479917526245117s
round8: 75 0.02143263816833496s
round9: 78 0.020318031311035156s
