round0: 1020 0.09334921836853027s
round1: 1005 0.08985733985900879s
round2: 1008 0.08878755569458008s
round3: 1020 0.07953929901123047s
round4: 1032 0.07658815383911133s
round5: 1014 0.07690024375915527s
round6: 1035 0.08395600318908691s
round7: 1017 0.07861113548278809s
round8: 1029 0.07919788360595703s
round9: 1023 0.07840728759765625s
