round0: 234 0.0343778133392334s
round1: 249 0.03366565704345703s
round2: 240 0.03341484069824219s
round3: 234 0.03425884246826172s
round4: 231 0.03382158279418945s
round5: 231 0.033627986907958984s
round6: 207 0.03448367118835449s
round7: 249 0.035390615463256836s
round8: 237 0.03377199172973633s
round9: 243 0.1101980209350586s
