round0: 60 0.01623821258544922s
round1: 66 0.016212940216064453s
round2: 69 0.01886749267578125s
round3: 66 0.019531965255737305s
round4: 60 0.02051568031311035s
round5: 66 0.020017385482788086s
round6: 66 0.019643306732177734s
round7: 75 0.019989490509033203s
round8: 60 0.019154787063598633s
round9: 66 0.018249034881591797s
