round0: 1764 0.13842535018920898s
round1: 1731 0.13005995750427246s
round2: 1734 0.11948895454406738s
round3: 1803 0.12059473991394043s
round4: 1797 0.12215232849121094s
round5: 1761 0.1212453842163086s
round6: 1791 0.12262654304504395s
round7: 1800 0.11645865440368652s
round8: 1761 0.11841535568237305s
round9: 1782 0.1190187931060791s
