round0: 1725 0.11656069755554199s
round1: 1815 0.12041568756103516s
round2: 1755 0.12251973152160645s
round3: 1809 0.1350259780883789s
round4: 1791 0.1407945156097412s
round5: 1677 0.12391400337219238s
round6: 1779 0.13686108589172363s
round7: 1830 0.1375899314880371s
round8: 1782 0.11763405799865723s
round9: 1773 0.11849403381347656s
