round0: 555 0.05213809013366699s
round1: 576 0.051331520080566406s
round2: 564 0.051256418228149414s
round3: 579 0.05083966255187988s
round4: 567 0.05046248435974121s
round5: 585 0.05404067039489746s
round6: 537 0.051917076110839844s
round7: 570 0.05113053321838379s
round8: 582 0.050818681716918945s
round9: 600 0.05684947967529297s
