round0: 534 0.05109691619873047s
round1: 501 0.04963278770446777s
round2: 558 0.05066347122192383s
round3: 549 0.05651545524597168s
round4: 564 0.05991101264953613s
round5: 522 0.06189465522766113s
round6: 561 0.05138731002807617s
round7: 528 0.04983258247375488s
round8: 561 0.05945611000061035s
round9: 543 0.05977320671081543s
