round0: 36 0.013205528259277344s
round1: 30 0.01351308822631836s
round2: 36 0.013789176940917969s
round3: 42 0.015516281127929688s
round4: 39 0.01665973663330078s
round5: 36 0.0160524845123291s
round6: 36 0.015964746475219727s
round7: 42 0.016535520553588867s
round8: 42 0.017220020294189453s
round9: 39 0.01371145248413086s
