round0: 156 0.029017210006713867s
round1: 150 0.025934219360351562s
round2: 150 0.027086734771728516s
round3: 150 0.029369115829467773s
round4: 153 0.03106522560119629s
round5: 135 0.024048805236816406s
round6: 156 0.02498483657836914s
round7: 144 0.023981094360351562s
round8: 156 0.027692079544067383s
round9: 153 0.028055429458618164s
