round0: 147 0.02596879005432129s
round1: 135 0.02426457405090332s
round2: 147 0.028017044067382812s
round3: 135 0.03133893013000488s
round4: 147 0.024407386779785156s
round5: 147 0.02486896514892578s
round6: 138 0.02416825294494629s
round7: 150 0.027835607528686523s
round8: 144 0.028269052505493164s
round9: 147 0.028340816497802734s
