round0: 3 0.007062435150146484s
round1: 3 0.008114099502563477s
round2: 3 0.008588075637817383s
round3: 3 0.008533954620361328s
round4: 3 0.008535146713256836s
round5: 3 0.008584260940551758s
round6: 3 0.00890040397644043s
round7: 3 0.008488893508911133s
round8: 3 0.008333206176757812s
round9: 3 0.00977945327758789s
