round0: 150 0.031038761138916016s
round1: 159 0.030966758728027344s
round2: 153 0.029654979705810547s
round3: 147 0.028389453887939453s
round4: 147 0.029042720794677734s
round5: 156 0.030331134796142578s
round6: 150 0.032158613204956055s
round7: 153 0.028774261474609375s
round8: 165 0.028940439224243164s
round9: 144 0.029500722885131836s
