round0: 141 0.0261385440826416s
round1: 129 0.024310588836669922s
round2: 120 0.024721145629882812s
round3: 138 0.02425551414489746s
round4: 138 0.027949810028076172s
round5: 144 0.031201601028442383s
round6: 132 0.02869272232055664s
round7: 147 0.02817511558532715s
round8: 135 0.024024009704589844s
round9: 135 0.024131059646606445s
