round0: 0 0.008215665817260742s
round1: 3 0.00940084457397461s
round2: 3 0.007985830307006836s
round3: 0 0.006768703460693359s
round4: 0 0.006411075592041016s
round5: 0 0.006532430648803711s
round6: 3 0.007061958312988281s
round7: 3 0.0069773197174072266s
round8: 0 0.0063855648040771484s
round9: 3 0.0072040557861328125s
