round0: 375 0.04410123825073242s
round1: 363 0.04392695426940918s
round2: 396 0.04294395446777344s
round3: 372 0.04357767105102539s
round4: 390 0.04943490028381348s
round5: 381 0.05312180519104004s
round6: 369 0.05181002616882324s
round7: 378 0.04591846466064453s
round8: 378 0.053186893463134766s
round9: 387 0.05189800262451172s
