round0: 348 0.04735541343688965s
round1: 375 0.04697847366333008s
round2: 369 0.044152021408081055s
round3: 369 0.04475116729736328s
round4: 339 0.04371523857116699s
round5: 360 0.049986839294433594s
round6: 357 0.051265716552734375s
round7: 375 0.0425112247467041s
round8: 378 0.043285369873046875s
round9: 372 0.043969154357910156s
