round0: 141 0.02866983413696289s
round1: 165 0.028670072555541992s
round2: 159 0.02888631820678711s
round3: 162 0.0290071964263916s
round4: 165 0.028856992721557617s
round5: 147 0.030055999755859375s
round6: 135 0.025753498077392578s
round7: 153 0.02470684051513672s
round8: 156 0.025888681411743164s
round9: 159 0.024101734161376953s
