round0: 354 0.046475887298583984s
round1: 381 0.04408621788024902s
round2: 381 0.04471325874328613s
round3: 363 0.05063962936401367s
round4: 369 0.05082869529724121s
round5: 357 0.05091238021850586s
round6: 357 0.054229736328125s
round7: 369 0.05284547805786133s
round8: 381 0.05352950096130371s
round9: 393 0.05076193809509277s
