round0: 45 0.017739057540893555s
round1: 42 0.016561508178710938s
round2: 48 0.016902685165405273s
round3: 45 0.013498544692993164s
round4: 36 0.015589475631713867s
round5: 45 0.01688098907470703s
round6: 42 0.015594959259033203s
round7: 33 0.013318300247192383s
round8: 39 0.01567387580871582s
round9: 39 0.016652345657348633s
