round0: 0 0.00698399543762207s
round1: 0 0.006529569625854492s
round2: 0 0.007170200347900391s
round3: 0 0.0064849853515625s
round4: 3 0.006961345672607422s
round5: 0 0.00672459602355957s
round6: 0 0.0065953731536865234s
round7: 0 0.0064601898193359375s
round8: 3 0.0067903995513916016s
round9: 0 0.006427288055419922s
