round0: 3 0.008323431015014648s
round1: 3 0.05036783218383789s
round2: 3 0.0072021484375s
round3: 3 0.007112979888916016s
round4: 3 0.007165193557739258s
round5: 3 0.007067441940307617s
round6: 3 0.007048606872558594s
round7: 3 0.007086038589477539s
round8: 3 0.006994009017944336s
round9: 3 0.007027149200439453s
