round0: 54 0.0147705078125s
round1: 48 0.014924764633178711s
round2: 48 0.014256954193115234s
round3: 51 0.016308307647705078s
round4: 48 0.01786637306213379s
round5: 51 0.014812946319580078s
round6: 39 0.01578497886657715s
round7: 54 0.01685619354248047s
round8: 51 0.015995502471923828s
round9: 51 0.016948223114013672s
