round0: 3 0.0074388980865478516s
round1: 3 0.00724339485168457s
round2: 3 0.00708770751953125s
round3: 3 0.0070362091064453125s
round4: 3 0.007137298583984375s
round5: 3 0.006993532180786133s
round6: 3 0.007765531539916992s
round7: 3 0.05011892318725586s
round8: 3 0.007158517837524414s
round9: 3 0.0074672698974609375s
