round0: 54 0.014784812927246094s
round1: 45 0.017073869705200195s
round2: 45 0.016785621643066406s
round3: 45 0.016690969467163086s
round4: 48 0.0183565616607666s
round5: 48 0.017148971557617188s
round6: 45 0.01695418357849121s
round7: 45 0.019054174423217773s
round8: 45 0.01659870147705078s
round9: 48 0.016757488250732422s
