round0: 372 0.04448390007019043s
round1: 381 0.04262804985046387s
round2: 375 0.050536394119262695s
round3: 381 0.05220365524291992s
round4: 369 0.043793678283691406s
round5: 387 0.04637503623962402s
round6: 357 0.0424501895904541s
round7: 381 0.044222116470336914s
round8: 384 0.04324603080749512s
round9: 360 0.04998373985290527s
