round0: 147 0.024091720581054688s
round1: 150 0.02503228187561035s
round2: 144 0.02867722511291504s
round3: 147 0.024648189544677734s
round4: 144 0.023897886276245117s
round5: 150 0.028074026107788086s
round6: 153 0.02557682991027832s
round7: 138 0.023911714553833008s
round8: 135 0.023754596710205078s
round9: 135 0.02355360984802246s
