round0: 153 0.02877521514892578s
round1: 150 0.02899909019470215s
round2: 138 0.028713464736938477s
round3: 153 0.029060840606689453s
round4: 144 0.028666019439697266s
round5: 162 0.028652429580688477s
round6: 147 0.028864622116088867s
round7: 138 0.028639554977416992s
round8: 150 0.029407024383544922s
round9: 153 0.028180360794067383s
