round0: 369 0.04464459419250488s
round1: 402 0.038579702377319336s
round2: 378 0.03838801383972168s
round3: 360 0.03773164749145508s
round4: 381 0.04105567932128906s
round5: 357 0.038584232330322266s
round6: 381 0.03979778289794922s
round7: 360 0.0375974178314209s
round8: 372 0.03347444534301758s
round9: 354 0.03520345687866211s
