round0: 216 0.018691539764404297s
round1: 225 0.03783392906188965s
round2: 210 0.029085636138916016s
round3: 240 0.029018402099609375s
round4: 237 0.03016519546508789s
round5: 222 0.028347253799438477s
round6: 225 0.028559446334838867s
round7: 207 0.028330326080322266s
round8: 222 0.029376745223999023s
round9: 210 0.029784202575683594s
