round0: 1713 0.10679316520690918s
round1: 1806 0.10589170455932617s
round2: 1824 0.0878455638885498s
round3: 1683 0.09326338768005371s
round4: 1758 0.1049642562866211s
round5: 1770 0.08851170539855957s
round6: 1818 0.09819817543029785s
round7: 1746 0.08654260635375977s
round8: 1722 0.08687710762023926s
round9: 1716 0.09580278396606445s
