round0: 453 0.03327822685241699s
round1: 441 0.036568403244018555s
round2: 495 0.041637420654296875s
round3: 405 0.048049211502075195s
round4: 438 0.048664093017578125s
round5: 450 0.04010820388793945s
round6: 459 0.05392265319824219s
round7: 483 0.04897809028625488s
round8: 432 0.03472733497619629s
round9: 453 0.048026323318481445s
