round0: 333 0.042822837829589844s
round1: 315 0.04087471961975098s
round2: 363 0.036367177963256836s
round3: 339 0.03572440147399902s
round4: 354 0.03979897499084473s
round5: 348 0.03653120994567871s
round6: 318 0.04054450988769531s
round7: 321 0.042114973068237305s
round8: 354 0.048668861389160156s
round9: 336 0.03665423393249512s
