round0: 933 0.060822486877441406s
round1: 978 0.06328201293945312s
round2: 900 0.06270527839660645s
round3: 942 0.05393624305725098s
round4: 930 0.0579371452331543s
round5: 927 0.05324530601501465s
round6: 972 0.058171749114990234s
round7: 954 0.05078864097595215s
round8: 873 0.053148508071899414s
round9: 930 0.05414438247680664s
