round0: 240 0.022914409637451172s
round1: 240 0.019808530807495117s
round2: 216 0.024912357330322266s
round3: 225 0.02788996696472168s
round4: 231 0.030160903930664062s
round5: 228 0.02975630760192871s
round6: 228 0.02981090545654297s
round7: 234 0.02988743782043457s
round8: 216 0.028977632522583008s
round9: 210 0.03144407272338867s
