round0: 675 0.0558629035949707s
round1: 684 0.05111885070800781s
round2: 651 0.049843788146972656s
round3: 672 0.047120094299316406s
round4: 669 0.04790949821472168s
round5: 651 0.04648423194885254s
round6: 654 0.04658675193786621s
round7: 681 0.04953265190124512s
round8: 705 0.04822373390197754s
round9: 672 0.052301883697509766s
