round0: 912 0.06760239601135254s
round1: 903 0.06734156608581543s
round2: 885 0.058684349060058594s
round3: 864 0.057787418365478516s
round4: 909 0.05666756629943848s
round5: 849 0.06109619140625s
round6: 822 0.06052875518798828s
round7: 732 0.06238555908203125s
round8: 834 0.06833672523498535s
round9: 867 0.05204033851623535s
