round0: 546 0.03424835205078125s
round1: 552 0.0490415096282959s
round2: 564 0.04996824264526367s
round3: 552 0.049259185791015625s
round4: 579 0.0476527214050293s
round5: 558 0.04773545265197754s
round6: 576 0.04934072494506836s
round7: 558 0.04492902755737305s
round8: 567 0.04608559608459473s
round9: 576 0.05153656005859375s
