round0: 123 0.02365589141845703s
round1: 129 0.025943517684936523s
round2: 114 0.02643442153930664s
round3: 150 0.026876449584960938s
round4: 135 0.026700258255004883s
round5: 147 0.026363849639892578s
round6: 147 0.026351213455200195s
round7: 129 0.027063369750976562s
round8: 129 0.029300689697265625s
round9: 114 0.025706768035888672s
