round0: 489 0.05282306671142578s
round1: 558 0.04948282241821289s
round2: 453 0.04768037796020508s
round3: 429 0.04365706443786621s
round4: 510 0.047534942626953125s
round5: 486 0.044973134994506836s
round6: 498 0.04131627082824707s
round7: 426 0.03855252265930176s
round8: 507 0.04265236854553223s
round9: 435 0.03822064399719238s
