round0: 6 0.020797252655029297s
round1: 15 0.01743340492248535s
round2: 12 0.01959824562072754s
round3: 9 0.017006635665893555s
round4: 9 0.017049312591552734s
round5: 9 0.017044782638549805s
round6: 12 0.017107725143432617s
round7: 21 0.017713069915771484s
round8: 18 0.01725006103515625s
round9: 18 0.01754617691040039s
