round0: 120 0.024120807647705078s
round1: 105 0.03242897987365723s
round2: 117 0.024131059646606445s
round3: 108 0.02321457862854004s
round4: 120 0.023737668991088867s
round5: 123 0.024093151092529297s
round6: 126 0.026505470275878906s
round7: 111 0.02421402931213379s
round8: 102 0.024266719818115234s
round9: 108 0.024059295654296875s
