round0: 72 0.021923065185546875s
round1: 69 0.023513317108154297s
round2: 66 0.021999120712280273s
round3: 72 0.021240711212158203s
round4: 90 0.023057222366333008s
round5: 72 0.02166008949279785s
round6: 75 0.021060466766357422s
round7: 90 0.022207260131835938s
round8: 78 0.021683216094970703s
round9: 69 0.023183107376098633s
