round0: 186 0.021378278732299805s
round1: 189 0.020287036895751953s
round2: 201 0.019928932189941406s
round3: 144 0.024700403213500977s
round4: 165 0.03010272979736328s
round5: 150 0.0334172248840332s
round6: 210 0.03186368942260742s
round7: 144 0.029248476028442383s
round8: 159 0.029905319213867188s
round9: 201 0.03025078773498535s
