round0: 249 0.028201818466186523s
round1: 303 0.030955791473388672s
round2: 288 0.03446364402770996s
round3: 291 0.03949785232543945s
round4: 279 0.03630995750427246s
round5: 306 0.037384033203125s
round6: 303 0.036879539489746094s
round7: 306 0.03725481033325195s
round8: 294 0.036290645599365234s
round9: 315 0.036263465881347656s
