round0: 33 0.011234760284423828s
round1: 39 0.010874271392822266s
round2: 39 0.011200428009033203s
round3: 36 0.010918617248535156s
round4: 39 0.010761022567749023s
round5: 36 0.011208057403564453s
round6: 39 0.010918617248535156s
round7: 36 0.011450052261352539s
round8: 33 0.010767936706542969s
round9: 36 0.011067628860473633s
