round0: 9 0.00864410400390625s
round1: 9 0.008345603942871094s
round2: 9 0.008091211318969727s
round3: 9 0.008009672164916992s
round4: 9 0.008370637893676758s
round5: 9 0.018024921417236328s
round6: 12 0.009681940078735352s
round7: 9 0.009500503540039062s
round8: 12 0.009762287139892578s
round9: 9 0.009612083435058594s
