round0: 18 0.009569168090820312s
round1: 18 0.008454084396362305s
round2: 18 0.008638381958007812s
round3: 18 0.008855819702148438s
round4: 21 0.008460760116577148s
round5: 18 0.008453369140625s
round6: 18 0.008311748504638672s
round7: 18 0.00892186164855957s
round8: 18 0.009607791900634766s
round9: 18 0.00830531120300293s
