round0: 33 0.01063084602355957s
round1: 33 0.010670185089111328s
round2: 33 0.010710000991821289s
round3: 33 0.010548830032348633s
round4: 33 0.011880636215209961s
round5: 33 0.01041555404663086s
round6: 33 0.010468244552612305s
round7: 33 0.010566949844360352s
round8: 33 0.010851383209228516s
round9: 33 0.010607481002807617s
