round0: 3438 0.14581751823425293s
round1: 3438 0.13936686515808105s
round2: 3420 0.14274382591247559s
round3: 3378 0.14040040969848633s
round4: 3456 0.13937115669250488s
round5: 3384 0.14242148399353027s
round6: 3450 0.1475369930267334s
round7: 3429 0.1427171230316162s
round8: 3414 0.1421961784362793s
round9: 3474 0.1459510326385498s
