round0: 21 0.009012460708618164s
round1: 21 0.008304357528686523s
round2: 21 0.00825357437133789s
round3: 21 0.00872802734375s
round4: 18 0.008542776107788086s
round5: 21 0.023453235626220703s
round6: 21 0.00875091552734375s
round7: 21 0.008516788482666016s
round8: 21 0.008548498153686523s
round9: 21 0.008414268493652344s
