round0: 366 0.030976533889770508s
round1: 366 0.031118154525756836s
round2: 378 0.030559062957763672s
round3: 366 0.029498815536499023s
round4: 384 0.030109167098999023s
round5: 384 0.03218889236450195s
round6: 381 0.030191898345947266s
round7: 363 0.029601573944091797s
round8: 342 0.03115391731262207s
round9: 393 0.03122997283935547s
