round0: 132 0.015004396438598633s
round1: 123 0.01498866081237793s
round2: 129 0.014584779739379883s
round3: 129 0.015282630920410156s
round4: 129 0.01573801040649414s
round5: 120 0.016951322555541992s
round6: 138 0.01726222038269043s
round7: 123 0.017183303833007812s
round8: 138 0.017016887664794922s
round9: 129 0.019148826599121094s
