round0: 216 0.01787281036376953s
round1: 219 0.018721580505371094s
round2: 222 0.017972707748413086s
round3: 216 0.017862796783447266s
round4: 225 0.030402421951293945s
round5: 222 0.017724037170410156s
round6: 219 0.018487215042114258s
round7: 240 0.0178680419921875s
round8: 234 0.018550395965576172s
round9: 225 0.017887592315673828s
