round0: 3822 0.1596546173095703s
round1: 3768 0.16212058067321777s
round2: 3864 0.13594961166381836s
round3: 3852 0.13817095756530762s
round4: 3861 0.13748812675476074s
round5: 3882 0.13727211952209473s
round6: 3864 0.1368105411529541s
round7: 3864 0.14644455909729004s
round8: 3870 0.14234471321105957s
round9: 3840 0.1446666717529297s
