round0: 10056 0.3601667881011963s
round1: 10134 0.31915283203125s
round2: 10083 0.31565380096435547s
round3: 10101 0.3152921199798584s
round4: 10122 0.317413330078125s
round5: 10143 0.3357856273651123s
round6: 10194 0.33472228050231934s
round7: 10113 0.328369140625s
round8: 10050 0.32238078117370605s
round9: 10116 0.3228588104248047s
