round0: 2736 0.11895346641540527s
round1: 2715 0.11224794387817383s
round2: 2742 0.12999939918518066s
round3: 2733 0.12167143821716309s
round4: 2700 0.1166222095489502s
round5: 2727 0.12901568412780762s
round6: 2724 0.1208345890045166s
round7: 2721 0.12384963035583496s
round8: 2718 0.1298809051513672s
round9: 2736 0.12164497375488281s
