round0: 26007 0.9791932106018066s
round1: 26055 0.8276052474975586s
round2: 25917 0.8254923820495605s
round3: 25989 0.8398935794830322s
round4: 25926 0.8493986129760742s
round5: 25923 0.8570778369903564s
round6: 25905 0.8208487033843994s
round7: 26028 0.8310282230377197s
round8: 25893 0.903597354888916s
round9: 25968 0.8115005493164062s
