round0: 2193 0.07862997055053711s
round1: 2208 0.0970008373260498s
round2: 2223 0.09824705123901367s
round3: 2157 0.09819793701171875s
round4: 2166 0.0970003604888916s
round5: 2115 0.0959939956665039s
round6: 2211 0.0989377498626709s
round7: 2202 0.116455078125s
round8: 2214 0.10986757278442383s
round9: 2169 0.1008918285369873s
