round0: 1740 0.08584451675415039s
round1: 1680 0.08873176574707031s
round2: 1704 0.09742116928100586s
round3: 1692 0.1071019172668457s
round4: 1635 0.09774088859558105s
round5: 1617 0.1037909984588623s
round6: 1713 0.10301375389099121s
round7: 1752 0.10465550422668457s
round8: 1611 0.10136175155639648s
round9: 1758 0.1033174991607666s
