round0: 1005 0.06866884231567383s
round1: 1023 0.058089256286621094s
round2: 1026 0.05848574638366699s
round3: 1002 0.06508398056030273s
round4: 1035 0.06757950782775879s
round5: 1047 0.06821084022521973s
round6: 1002 0.06295371055603027s
round7: 984 0.058332204818725586s
round8: 1011 0.057999610900878906s
round9: 972 0.05678057670593262s
