round0: 126 0.022193431854248047s
round1: 129 0.020389795303344727s
round2: 126 0.020934104919433594s
round3: 135 0.02250051498413086s
round4: 129 0.020927906036376953s
round5: 117 0.020265817642211914s
round6: 132 0.022300243377685547s
round7: 123 0.022145986557006836s
round8: 129 0.02109050750732422s
round9: 132 0.022027254104614258s
