round0: 996 0.0604860782623291s
round1: 1014 0.05812644958496094s
round2: 1014 0.059549808502197266s
round3: 1011 0.058385610580444336s
round4: 1023 0.06625580787658691s
round5: 1017 0.06759786605834961s
round6: 996 0.06762194633483887s
round7: 987 0.06859850883483887s
round8: 984 0.06748843193054199s
round9: 1008 0.06983804702758789s
