round0: 147 0.020787715911865234s
round1: 162 0.02173161506652832s
round2: 156 0.0233306884765625s
round3: 141 0.020889997482299805s
round4: 162 0.02155923843383789s
round5: 150 0.022619962692260742s
round6: 156 0.01982879638671875s
round7: 156 0.01761794090270996s
round8: 153 0.018684864044189453s
round9: 177 0.018026351928710938s
