round0: 1725 0.09367132186889648s
round1: 1719 0.09075140953063965s
round2: 1833 0.1047966480255127s
round3: 1761 0.10399580001831055s
round4: 1722 0.1049203872680664s
round5: 1761 0.10194516181945801s
round6: 1818 0.10973238945007324s
round7: 1734 0.10400795936584473s
round8: 1770 0.08627963066101074s
round9: 1773 0.08997893333435059s
