round0: 150 0.018301725387573242s
round1: 153 0.018042802810668945s
round2: 150 0.018502235412597656s
round3: 165 0.02040576934814453s
round4: 168 0.021729707717895508s
round5: 147 0.02105402946472168s
round6: 141 0.01946115493774414s
round7: 162 0.021088600158691406s
round8: 156 0.021004915237426758s
round9: 171 0.021914958953857422s
