round0: 3027 0.14195895195007324s
round1: 3135 0.14408636093139648s
round2: 3039 0.1622328758239746s
round3: 3054 0.1455669403076172s
round4: 3132 0.16103482246398926s
round5: 3072 0.14382553100585938s
round6: 3159 0.1623988151550293s
round7: 3066 0.1647186279296875s
round8: 3084 0.14513659477233887s
round9: 3066 0.14112567901611328s
