round0: 990 0.06917405128479004s
round1: 960 0.06710505485534668s
round2: 1017 0.06794261932373047s
round3: 939 0.06780123710632324s
round4: 978 0.06767034530639648s
round5: 990 0.06958985328674316s
round6: 1014 0.06764078140258789s
round7: 966 0.07067680358886719s
round8: 1005 0.06776189804077148s
round9: 993 0.06821799278259277s
