round0: 108 0.017055034637451172s
round1: 111 0.016588211059570312s
round2: 105 0.018052101135253906s
round3: 108 0.016659259796142578s
round4: 117 0.01908254623413086s
round5: 120 0.021558761596679688s
round6: 111 0.02042102813720703s
round7: 105 0.019977807998657227s
round8: 105 0.021979093551635742s
round9: 102 0.02222156524658203s
