round0: 2973 0.15834784507751465s
round1: 2859 0.14308714866638184s
round2: 3054 0.1414813995361328s
round3: 2985 0.13897943496704102s
round4: 3024 0.14176368713378906s
round5: 3048 0.15923523902893066s
round6: 2991 0.16321563720703125s
round7: 3084 0.14493203163146973s
round8: 2973 0.1416623592376709s
round9: 2979 0.14452600479125977s
