round0: 1683 0.08804965019226074s
round1: 1797 0.0899815559387207s
round2: 1782 0.09214901924133301s
round3: 1764 0.08989119529724121s
round4: 1773 0.08861279487609863s
round5: 1809 0.1007380485534668s
round6: 1782 0.1043250560760498s
round7: 1755 0.1038362979888916s
round8: 1731 0.091156005859375s
round9: 1821 0.10318994522094727s
