round0: 1839 0.11033201217651367s
round1: 1806 0.09377861022949219s
round2: 1806 0.09343695640563965s
round3: 1845 0.10244250297546387s
round4: 1782 0.10566592216491699s
round5: 1707 0.10783052444458008s
round6: 1773 0.10412907600402832s
round7: 1803 0.10333418846130371s
round8: 1851 0.08974814414978027s
round9: 1749 0.09232330322265625s
