round0: 1752 0.09371304512023926s
round1: 1788 0.10245370864868164s
round2: 1926 0.10891985893249512s
round3: 1800 0.1041409969329834s
round4: 1770 0.10586428642272949s
round5: 1827 0.10863590240478516s
round6: 1848 0.10741114616394043s
round7: 1923 0.08893799781799316s
round8: 1821 0.09205818176269531s
round9: 1848 0.08933830261230469s
