round0: 981 0.06623578071594238s
round1: 984 0.06770706176757812s
round2: 972 0.06676363945007324s
round3: 972 0.05827665328979492s
round4: 1011 0.05778908729553223s
round5: 984 0.05975484848022461s
round6: 984 0.056325435638427734s
round7: 993 0.056737422943115234s
round8: 1014 0.056627750396728516s
round9: 987 0.056928157806396484s
