round0: 3 0.011331796646118164s
round1: 3 0.010729312896728516s
round2: 3 0.010821104049682617s
round3: 3 0.012210369110107422s
round4: 3 0.010999679565429688s
round5: 3 0.011154413223266602s
round6: 3 0.010714054107666016s
round7: 3 0.010691642761230469s
round8: 3 0.010835647583007812s
round9: 3 0.010617256164550781s
