round0: 1788 0.09030771255493164s
round1: 1836 0.10207772254943848s
round2: 1740 0.1051931381225586s
round3: 1737 0.11078429222106934s
round4: 1821 0.10434246063232422s
round5: 1785 0.09065437316894531s
round6: 1803 0.08933067321777344s
round7: 1863 0.09233689308166504s
round8: 1797 0.10174870491027832s
round9: 1758 0.11062288284301758s
