round0: 6 0.010154008865356445s
round1: 9 0.00904536247253418s
round2: 9 0.009768962860107422s
round3: 6 0.010938405990600586s
round4: 9 0.010544061660766602s
round5: 9 0.01065683364868164s
round6: 9 0.0106658935546875s
round7: 6 0.01118612289428711s
round8: 9 0.011026382446289062s
round9: 9 0.011715888977050781s
