round0: 3090 0.14650440216064453s
round1: 3024 0.14280486106872559s
round2: 3069 0.13801050186157227s
round3: 3111 0.14149999618530273s
round4: 2976 0.1426398754119873s
round5: 2892 0.15477657318115234s
round6: 3033 0.1427474021911621s
round7: 2979 0.14209437370300293s
round8: 3045 0.16220474243164062s
round9: 3009 0.14258313179016113s
