round0: 1113 0.0696723461151123s
round1: 1116 0.06933426856994629s
round2: 1110 0.07034420967102051s
round3: 1089 0.0699470043182373s
round4: 1080 0.07043170928955078s
round5: 1104 0.06964540481567383s
round6: 1077 0.05791044235229492s
round7: 1077 0.058683156967163086s
round8: 1059 0.05983853340148926s
round9: 1032 0.05872321128845215s
