round0: 2988 0.1376643180847168s
round1: 2943 0.162064790725708s
round2: 2997 0.14328885078430176s
round3: 3048 0.1402451992034912s
round4: 3054 0.14030003547668457s
round5: 3102 0.14459490776062012s
round6: 3054 0.14107155799865723s
round7: 2967 0.13640046119689941s
round8: 2916 0.1401824951171875s
round9: 3051 0.14135169982910156s
