round0: 1800 0.09601545333862305s
round1: 1734 0.1023869514465332s
round2: 1779 0.10724234580993652s
round3: 1761 0.09634280204772949s
round4: 1803 0.08925986289978027s
round5: 1785 0.08928990364074707s
round6: 1851 0.0931706428527832s
round7: 1800 0.08861637115478516s
round8: 1710 0.08989238739013672s
round9: 1824 0.09097528457641602s
