round0: 1029 0.06933116912841797s
round1: 990 0.06823587417602539s
round2: 1029 0.06916308403015137s
round3: 969 0.0669400691986084s
round4: 993 0.06750774383544922s
round5: 1038 0.06157040596008301s
round6: 1053 0.05825018882751465s
round7: 1005 0.06634807586669922s
round8: 1017 0.12573480606079102s
round9: 1038 0.0679624080657959s
