round0: 408 0.03671717643737793s
round1: 387 0.03848457336425781s
round2: 363 0.036162614822387695s
round3: 408 0.03801417350769043s
round4: 405 0.03806614875793457s
round5: 408 0.0378870964050293s
round6: 393 0.0376129150390625s
round7: 414 0.03755354881286621s
round8: 381 0.036321163177490234s
round9: 402 0.03748369216918945s
