round0: 9 0.010724544525146484s
round1: 9 0.009736061096191406s
round2: 9 0.009091615676879883s
round3: 9 0.00894618034362793s
round4: 9 0.008959531784057617s
round5: 9 0.008972644805908203s
round6: 9 0.009074687957763672s
round7: 9 0.008931398391723633s
round8: 9 0.00900411605834961s
round9: 9 0.008978843688964844s
