round0: 429 0.037284135818481445s
round1: 414 0.03766608238220215s
round2: 411 0.037398576736450195s
round3: 432 0.03421330451965332s
round4: 429 0.03625011444091797s
round5: 426 0.03644204139709473s
round6: 423 0.0382845401763916s
round7: 441 0.037782907485961914s
round8: 429 0.03699207305908203s
round9: 402 0.03724837303161621s
