round0: 3090 0.14428114891052246s
round1: 3123 0.14718937873840332s
round2: 3036 0.14751935005187988s
round3: 3084 0.1641373634338379s
round4: 3117 0.1637115478515625s
round5: 3150 0.14933061599731445s
round6: 3111 0.14011836051940918s
round7: 3066 0.14600253105163574s
round8: 3159 0.1468791961669922s
round9: 3123 0.14033246040344238s
