round0: 6 0.012078523635864258s
round1: 6 0.011956453323364258s
round2: 6 0.011138200759887695s
round3: 6 0.01086735725402832s
round4: 6 0.011087179183959961s
round5: 6 0.010803699493408203s
round6: 6 0.010901689529418945s
round7: 6 0.010922908782958984s
round8: 6 0.010955572128295898s
round9: 6 0.010988950729370117s
