round0: 3033 0.16550850868225098s
round1: 3018 0.16210699081420898s
round2: 2979 0.13663983345031738s
round3: 3060 0.15314579010009766s
round4: 2967 0.1371479034423828s
round5: 2937 0.1411457061767578s
round6: 3075 0.14027667045593262s
round7: 3033 0.1392374038696289s
round8: 3000 0.13794374465942383s
round9: 3072 0.1359567642211914s
