round0: 405 0.03695940971374512s
round1: 393 0.03646492958068848s
round2: 405 0.038486480712890625s
round3: 420 0.03668045997619629s
round4: 399 0.03680729866027832s
round5: 402 0.036856651306152344s
round6: 396 0.037484169006347656s
round7: 384 0.036194801330566406s
round8: 387 0.036978721618652344s
round9: 429 0.04020524024963379s
