round0: 402 0.03328394889831543s
round1: 405 0.0360262393951416s
round2: 384 0.037587642669677734s
round3: 396 0.03879117965698242s
round4: 426 0.03707289695739746s
round5: 408 0.03718066215515137s
round6: 381 0.03627920150756836s
round7: 408 0.03694915771484375s
round8: 375 0.03866910934448242s
round9: 387 0.032334327697753906s
