round0: 1017 0.06788182258605957s
round1: 1020 0.07176065444946289s
round2: 1020 0.06270909309387207s
round3: 1029 0.05736112594604492s
round4: 1035 0.05724334716796875s
round5: 1029 0.05663156509399414s
round6: 1020 0.05775761604309082s
round7: 1014 0.05818939208984375s
round8: 1020 0.057442665100097656s
round9: 1020 0.057926177978515625s
