round0: 156 0.018482446670532227s
round1: 150 0.020100116729736328s
round2: 156 0.022069692611694336s
round3: 156 0.02223491668701172s
round4: 147 0.020972728729248047s
round5: 162 0.022898197174072266s
round6: 153 0.020877838134765625s
round7: 138 0.020724773406982422s
round8: 165 0.021709442138671875s
round9: 144 0.021634817123413086s
