round0: 1761 0.10522580146789551s
round1: 1749 0.09877753257751465s
round2: 1710 0.09158825874328613s
round3: 1764 0.10388803482055664s
round4: 1752 0.10481023788452148s
round5: 1776 0.0916740894317627s
round6: 1809 0.10126042366027832s
round7: 1785 0.10524892807006836s
round8: 1809 0.10867047309875488s
round9: 1785 0.10558485984802246s
