round0: 420 0.03763389587402344s
round1: 432 0.037668704986572266s
round2: 411 0.03658151626586914s
round3: 417 0.03353762626647949s
round4: 369 0.03141212463378906s
round5: 390 0.03088665008544922s
round6: 420 0.035897016525268555s
round7: 423 0.03787517547607422s
round8: 432 0.03602766990661621s
round9: 429 0.03827357292175293s
