round0: 3000 0.14020323753356934s
round1: 3096 0.14440703392028809s
round2: 3021 0.14059710502624512s
round3: 3102 0.14316940307617188s
round4: 2949 0.13796472549438477s
round5: 2967 0.1419970989227295s
round6: 3087 0.1376025676727295s
round7: 3024 0.14580631256103516s
round8: 3066 0.1564171314239502s
round9: 3084 0.1419050693511963s
