round0: 2970 0.13798260688781738s
round1: 2988 0.13774323463439941s
round2: 3042 0.1398608684539795s
round3: 3039 0.13797473907470703s
round4: 2970 0.1390678882598877s
round5: 3024 0.14249634742736816s
round6: 3018 0.15501928329467773s
round7: 2928 0.16250133514404297s
round8: 3015 0.16010284423828125s
round9: 3060 0.14246678352355957s
