round0: 1056 0.07020282745361328s
round1: 984 0.06349968910217285s
round2: 1008 0.05664467811584473s
round3: 1050 0.05987358093261719s
round4: 996 0.058655500411987305s
round5: 1029 0.058303117752075195s
round6: 1092 0.05826616287231445s
round7: 1059 0.06682991981506348s
round8: 1032 0.06789922714233398s
round9: 1020 0.06730031967163086s
