round0: 432 0.035361289978027344s
round1: 441 0.03647589683532715s
round2: 411 0.03775787353515625s
round3: 426 0.03402900695800781s
round4: 423 0.031934499740600586s
round5: 429 0.03598213195800781s
round6: 414 0.03660750389099121s
round7: 420 0.037338972091674805s
round8: 432 0.038138628005981445s
round9: 411 0.036786794662475586s
