round0: 366 0.030169248580932617s
round1: 393 0.035121917724609375s
round2: 381 0.03589653968811035s
round3: 339 0.035875797271728516s
round4: 378 0.036240339279174805s
round5: 342 0.03584170341491699s
round6: 348 0.035761356353759766s
round7: 381 0.037610530853271484s
round8: 345 0.031681060791015625s
round9: 351 0.03372311592102051s
