round0: 6 0.009661674499511719s
round1: 6 0.008977651596069336s
round2: 6 0.00935983657836914s
round3: 6 0.009364843368530273s
round4: 6 0.008970022201538086s
round5: 6 0.008880853652954102s
round6: 6 0.009087800979614258s
round7: 6 0.00916147232055664s
round8: 6 0.008792638778686523s
round9: 6 0.010050296783447266s
