round0: 12 0.01068878173828125s
round1: 12 0.009339570999145508s
round2: 12 0.00894474983215332s
round3: 12 0.009053468704223633s
round4: 12 0.00917363166809082s
round5: 12 0.008926153182983398s
round6: 12 0.008927106857299805s
round7: 12 0.00965738296508789s
round8: 12 0.009183168411254883s
round9: 12 0.009175777435302734s
