round0: 168 0.021465063095092773s
round1: 168 0.022622346878051758s
round2: 159 0.021025657653808594s
round3: 162 0.021133899688720703s
round4: 171 0.023380756378173828s
round5: 138 0.022252559661865234s
round6: 156 0.020737171173095703s
round7: 147 0.022732019424438477s
round8: 147 0.022713184356689453s
round9: 162 0.020748376846313477s
