round0: 141 0.020525693893432617s
round1: 135 0.017320632934570312s
round2: 147 0.017677783966064453s
round3: 135 0.0186002254486084s
round4: 138 0.017564773559570312s
round5: 138 0.019526243209838867s
round6: 141 0.0223081111907959s
round7: 150 0.019297122955322266s
round8: 129 0.017592906951904297s
round9: 144 0.0187075138092041s
