round0: 405 0.03102707862854004s
round1: 420 0.034857988357543945s
round2: 426 0.03213953971862793s
round3: 426 0.03576016426086426s
round4: 396 0.03634285926818848s
round5: 405 0.03808236122131348s
round6: 399 0.03654336929321289s
round7: 402 0.036512136459350586s
round8: 411 0.03729367256164551s
round9: 396 0.0368189811706543s
