round0: 12 0.011837244033813477s
round1: 12 0.010890722274780273s
round2: 9 0.010937929153442383s
round3: 12 0.01176905632019043s
round4: 12 0.011362314224243164s
round5: 12 0.01090550422668457s
round6: 12 0.011126041412353516s
round7: 12 0.010929584503173828s
round8: 9 0.010765552520751953s
round9: 12 0.010789632797241211s
