round0: 135 0.021517038345336914s
round1: 126 0.02173018455505371s
round2: 138 0.021985769271850586s
round3: 132 0.021121501922607422s
round4: 132 0.020969152450561523s
round5: 135 0.017360687255859375s
round6: 120 0.0170290470123291s
round7: 129 0.01812005043029785s
round8: 132 0.019794225692749023s
round9: 138 0.020620107650756836s
