round0: 381 0.036794424057006836s
round1: 411 0.03681588172912598s
round2: 390 0.03178834915161133s
round3: 351 0.030714750289916992s
round4: 357 0.030931949615478516s
round5: 432 0.03603768348693848s
round6: 381 0.03611421585083008s
round7: 411 0.03641009330749512s
round8: 381 0.03565239906311035s
round9: 408 0.03773140907287598s
