round0: 981 0.057366371154785156s
round1: 960 0.05736398696899414s
round2: 930 0.0655052661895752s
round3: 984 0.06020689010620117s
round4: 1011 0.05790424346923828s
round5: 999 0.06846976280212402s
round6: 1008 0.05852508544921875s
round7: 981 0.05944085121154785s
round8: 945 0.0571894645690918s
round9: 999 0.0576324462890625s
