round0: 12 0.010602951049804688s
round1: 12 0.011046886444091797s
round2: 12 0.010707616806030273s
round3: 9 0.010703325271606445s
round4: 12 0.01096653938293457s
round5: 6 0.011615991592407227s
round6: 12 0.010779380798339844s
round7: 12 0.010551214218139648s
round8: 9 0.01081085205078125s
round9: 12 0.01136922836303711s
