round0: 147 0.017487049102783203s
round1: 147 0.018137454986572266s
round2: 147 0.017812728881835938s
round3: 141 0.01743793487548828s
round4: 159 0.020612239837646484s
round5: 165 0.021076679229736328s
round6: 153 0.021243572235107422s
round7: 129 0.02088189125061035s
round8: 129 0.020745277404785156s
round9: 138 0.02068924903869629s
