round0: 9 0.009768962860107422s
round1: 9 0.00879216194152832s
round2: 9 0.008865594863891602s
round3: 9 0.008655548095703125s
round4: 9 0.009637594223022461s
round5: 9 0.011147737503051758s
round6: 9 0.010661840438842773s
round7: 9 0.010922908782958984s
round8: 9 0.010611772537231445s
round9: 9 0.01159358024597168s
