round0: 1782 0.08860349655151367s
round1: 1806 0.08933472633361816s
round2: 1809 0.10330486297607422s
round3: 1830 0.10476493835449219s
round4: 1761 0.11088323593139648s
round5: 1704 0.10992598533630371s
round6: 1827 0.09155058860778809s
round7: 1731 0.09041118621826172s
round8: 1806 0.09094524383544922s
round9: 1785 0.09012222290039062s
