round0: 1005 0.058112144470214844s
round1: 1029 0.05742931365966797s
round2: 1005 0.060683488845825195s
round3: 1071 0.057885169982910156s
round4: 1059 0.05770587921142578s
round5: 1023 0.05891990661621094s
round6: 1071 0.05915260314941406s
round7: 1056 0.05843377113342285s
round8: 1023 0.057147979736328125s
round9: 1059 0.06785321235656738s
