round0: 402 0.0366213321685791s
round1: 435 0.03735542297363281s
round2: 444 0.03505063056945801s
round3: 444 0.03211069107055664s
round4: 399 0.030841350555419922s
round5: 414 0.03776431083679199s
round6: 423 0.03849363327026367s
round7: 411 0.03680825233459473s
round8: 444 0.03832697868347168s
round9: 387 0.03729701042175293s
