round0: 2970 0.1668095588684082s
round1: 2985 0.16252851486206055s
round2: 2943 0.154679536819458s
round3: 2901 0.16077446937561035s
round4: 2913 0.16289377212524414s
round5: 2889 0.14689254760742188s
round6: 3027 0.15627360343933105s
round7: 3000 0.1400010585784912s
round8: 2961 0.14167308807373047s
round9: 2994 0.14127755165100098s
