round0: 6 0.010939359664916992s
round1: 6 0.010833501815795898s
round2: 6 0.010608911514282227s
round3: 9 0.010857820510864258s
round4: 6 0.010926961898803711s
round5: 6 0.011950016021728516s
round6: 6 0.010558128356933594s
round7: 6 0.010554790496826172s
round8: 6 0.01049184799194336s
round9: 6 0.011048316955566406s
