round0: 3015 0.14327669143676758s
round1: 3045 0.1582043170928955s
round2: 2961 0.14033293724060059s
round3: 3015 0.1366562843322754s
round4: 3000 0.1627798080444336s
round5: 2994 0.16216373443603516s
round6: 2991 0.16016197204589844s
round7: 2874 0.1461784839630127s
round8: 2952 0.14600229263305664s
round9: 3063 0.14025378227233887s
