round0: 1869 0.10478568077087402s
round1: 1848 0.10813593864440918s
round2: 1809 0.10431075096130371s
round3: 1791 0.1039884090423584s
round4: 1779 0.10441350936889648s
round5: 1821 0.10787034034729004s
round6: 1797 0.1078038215637207s
round7: 1818 0.10488343238830566s
round8: 1800 0.09895157814025879s
round9: 1722 0.10375142097473145s
