round0: 144 0.021282196044921875s
round1: 135 0.021932125091552734s
round2: 147 0.021049976348876953s
round3: 156 0.021307945251464844s
round4: 147 0.0226438045501709s
round5: 135 0.02111363410949707s
round6: 138 0.021726131439208984s
round7: 144 0.02390909194946289s
round8: 123 0.020995616912841797s
round9: 147 0.020959854125976562s
