round0: 45 0.0034291744232177734s
round1: 45 0.0039975643157958984s
round2: 45 0.006269216537475586s
round3: 45 0.006673574447631836s
round4: 45 0.006631612777709961s
round5: 45 0.006733894348144531s
round6: 45 0.0066297054290771484s
round7: 45 0.006873607635498047s
round8: 45 0.00702977180480957s
round9: 45 0.0063321590423583984s
