round0: 12 0.0015156269073486328s
round1: 9 0.0016450881958007812s
round2: 9 0.0017311573028564453s
round3: 9 0.0018286705017089844s
round4: 12 0.001947641372680664s
round5: 12 0.001975536346435547s
round6: 12 0.001857757568359375s
round7: 12 0.0019931793212890625s
round8: 9 0.0020432472229003906s
round9: 12 0.0019686222076416016s
