round0: 3201 0.189833402633667s
round1: 3192 0.1648871898651123s
round2: 3222 0.15853071212768555s
round3: 3171 0.15607619285583496s
round4: 3207 0.16027140617370605s
round5: 3159 0.14818072319030762s
round6: 3222 0.1467292308807373s
round7: 3213 0.14915800094604492s
round8: 3240 0.15803027153015137s
round9: 3195 0.15714788436889648s
