round0: 24 0.002977132797241211s
round1: 24 0.0028781890869140625s
round2: 24 0.00299072265625s
round3: 24 0.0028905868530273438s
round4: 24 0.0028798580169677734s
round5: 24 0.002840280532836914s
round6: 24 0.003101825714111328s
round7: 24 0.0029196739196777344s
round8: 24 0.0029125213623046875s
round9: 24 0.0029571056365966797s
