round0: 15270 0.7386775016784668s
round1: 15297 0.7110953330993652s
round2: 15378 0.7164089679718018s
round3: 15450 0.7113363742828369s
round4: 15360 0.7011768817901611s
round5: 15333 0.7014305591583252s
round6: 15303 0.7048771381378174s
round7: 15327 0.699054479598999s
round8: 15243 0.7036716938018799s
round9: 15324 0.710468053817749s
