round0: 5136 0.27196311950683594s
round1: 5130 0.2538132667541504s
round2: 5136 0.25148630142211914s
round3: 5130 0.24848127365112305s
round4: 5115 0.24834465980529785s
round5: 5145 0.23694777488708496s
round6: 5148 0.2359158992767334s
round7: 5139 0.23884272575378418s
round8: 5136 0.23661541938781738s
round9: 5127 0.22762465476989746s
