round0: 33 0.003611326217651367s
round1: 33 0.0036385059356689453s
round2: 33 0.003960609436035156s
round3: 33 0.0042536258697509766s
round4: 33 0.0043964385986328125s
round5: 33 0.004360198974609375s
round6: 33 0.0045659542083740234s
round7: 33 0.00467681884765625s
round8: 33 0.004181385040283203s
round9: 33 0.00432586669921875s
