round0: 0 0.0038161277770996094s
round1: 0 0.005364656448364258s
round2: 0 0.007116556167602539s
round3: 0 0.007922172546386719s
round4: 0 0.009365320205688477s
round5: 0 0.008779764175415039s
round6: 0 0.012234210968017578s
round7: 0 0.00760650634765625s
round8: 3 0.0075817108154296875s
round9: 0 0.008824348449707031s
