round0: 0 0.0034601688385009766s
round1: 0 0.004108428955078125s
round2: 0 0.0035359859466552734s
round3: 0 0.004336833953857422s
round4: 0 0.0035979747772216797s
round5: 0 0.003233194351196289s
round6: 0 0.00386810302734375s
round7: 0 0.0037059783935546875s
round8: 0 0.003626585006713867s
round9: 0 0.003787994384765625s
