round0: 45 0.015617132186889648s
round1: 45 0.014944076538085938s
round2: 45 0.014627218246459961s
round3: 45 0.013731956481933594s
round4: 45 0.013819217681884766s
round5: 45 0.013164520263671875s
round6: 45 0.015469551086425781s
round7: 45 0.014477252960205078s
round8: 45 0.015232563018798828s
round9: 45 0.01416921615600586s
