round0: 4050 0.18853354454040527s
round1: 4035 0.18961119651794434s
round2: 4020 0.18906950950622559s
round3: 4026 0.18888139724731445s
round4: 4023 0.19255805015563965s
round5: 3984 0.20104432106018066s
round6: 3981 0.20060253143310547s
round7: 4032 0.19191551208496094s
round8: 4065 0.19796490669250488s
round9: 4041 0.19338417053222656s
