round0: 21 0.004499912261962891s
round1: 21 0.004445075988769531s
round2: 21 0.004555225372314453s
round3: 24 0.004398822784423828s
round4: 21 0.004390239715576172s
round5: 21 0.004839420318603516s
round6: 21 0.0044748783111572266s
round7: 24 0.004519462585449219s
round8: 24 0.0044536590576171875s
round9: 21 0.004640102386474609s
