round0: 102 0.014272212982177734s
round1: 96 0.015032052993774414s
round2: 102 0.016466617584228516s
round3: 96 0.015674114227294922s
round4: 111 0.016339778900146484s
round5: 96 0.015555620193481445s
round6: 102 0.015179872512817383s
round7: 99 0.015498876571655273s
round8: 105 0.0166323184967041s
round9: 99 0.017171621322631836s
