round0: 219 0.020662307739257812s
round1: 198 0.023242712020874023s
round2: 210 0.028038978576660156s
round3: 210 0.03213381767272949s
round4: 192 0.030019044876098633s
round5: 243 0.03148007392883301s
round6: 198 0.03229665756225586s
round7: 216 0.031906843185424805s
round8: 210 0.03279232978820801s
round9: 219 0.03274941444396973s
