round0: 333 0.049694061279296875s
round1: 324 0.04733586311340332s
round2: 339 0.04687356948852539s
round3: 348 0.047942161560058594s
round4: 339 0.04871225357055664s
round5: 354 0.048529624938964844s
round6: 318 0.04835033416748047s
round7: 369 0.04660797119140625s
round8: 345 0.04770040512084961s
round9: 339 0.04736137390136719s
