round0: 2952 0.17975258827209473s
round1: 2952 0.15492987632751465s
round2: 2979 0.14775848388671875s
round3: 2946 0.14409828186035156s
round4: 2901 0.14619064331054688s
round5: 2949 0.1379232406616211s
round6: 2919 0.1444692611694336s
round7: 2979 0.1493360996246338s
round8: 2964 0.14776039123535156s
round9: 2961 0.144927978515625s
