round0: 4956 0.230088472366333s
round1: 4953 0.22809219360351562s
round2: 4956 0.2243046760559082s
round3: 4935 0.22781705856323242s
round4: 4941 0.22280263900756836s
round5: 4824 0.22179651260375977s
round6: 4971 0.22447943687438965s
round7: 4944 0.22597002983093262s
round8: 4920 0.22423911094665527s
round9: 4959 0.23630595207214355s
