round0: 270 0.016539812088012695s
round1: 267 0.02220630645751953s
round2: 273 0.029300928115844727s
round3: 273 0.036438941955566406s
round4: 267 0.03436708450317383s
round5: 267 0.03446245193481445s
round6: 270 0.034978389739990234s
round7: 270 0.0355534553527832s
round8: 273 0.03601884841918945s
round9: 276 0.03871607780456543s
