round0: 12912 0.5708262920379639s
round1: 12921 0.5501148700714111s
round2: 12903 0.5459890365600586s
round3: 12900 0.5390274524688721s
round4: 12900 0.537848711013794s
round5: 12876 0.5416488647460938s
round6: 12906 0.537280797958374s
round7: 12873 0.5368936061859131s
round8: 12852 0.5430929660797119s
round9: 12819 0.5425810813903809s
