round0: 9621 0.4042372703552246s
round1: 9585 0.4111967086791992s
round2: 9570 0.41581249237060547s
round3: 9597 0.40772247314453125s
round4: 9570 0.40203189849853516s
round5: 9567 0.40993452072143555s
round6: 9582 0.41454148292541504s
round7: 9003 0.396531343460083s
round8: 9573 0.4003317356109619s
round9: 9582 0.4015316963195801s
