round0: 6714 0.31404948234558105s
round1: 6732 0.3178074359893799s
round2: 6774 0.3208944797515869s
round3: 6804 0.31360650062561035s
round4: 6753 0.3100264072418213s
round5: 6612 0.3048412799835205s
round6: 6651 0.3047635555267334s
round7: 6702 0.30936217308044434s
round8: 6603 0.3143153190612793s
round9: 6570 0.30952906608581543s
