round0: 3054 0.16274762153625488s
round1: 3051 0.1705169677734375s
round2: 3054 0.17143869400024414s
round3: 3054 0.16423296928405762s
round4: 3051 0.15407037734985352s
round5: 3048 0.16268491744995117s
round6: 3060 0.16319751739501953s
round7: 3060 0.16365408897399902s
round8: 3057 0.15677142143249512s
round9: 3042 0.15878558158874512s
