round0: 32958 1.3841614723205566s
round1: 33018 1.373370885848999s
round2: 32961 1.3829786777496338s
round3: 32976 1.3710196018218994s
round4: 32949 1.3783330917358398s
round5: 32919 1.3924143314361572s
round6: 32910 1.3661000728607178s
round7: 32952 1.4094080924987793s
round8: 32847 1.3794023990631104s
round9: 32904 1.352245569229126s
