round0: 2925 0.1312575340270996s
round1: 2763 0.13659930229187012s
round2: 2820 0.14280200004577637s
round3: 2760 0.14857792854309082s
round4: 2754 0.14582180976867676s
round5: 2709 0.14517712593078613s
round6: 2691 0.14156317710876465s
round7: 2748 0.14486455917358398s
round8: 2670 0.14055418968200684s
round9: 2931 0.14300799369812012s
