round0: 5322 0.13735723495483398s
round1: 5196 0.15011239051818848s
round2: 4803 0.14398622512817383s
round3: 5100 0.14440298080444336s
round4: 5037 0.14359521865844727s
round5: 4800 0.14379668235778809s
round6: 4854 0.1621088981628418s
round7: 5544 0.1670360565185547s
round8: 5058 0.14900994300842285s
round9: 4902 0.1459512710571289s
