round0: 117 0.013678550720214844s
round1: 138 0.01265096664428711s
round2: 132 0.012458324432373047s
round3: 117 0.012169599533081055s
round4: 114 0.012474775314331055s
round5: 117 0.012056350708007812s
round6: 117 0.012353897094726562s
round7: 129 0.012059926986694336s
round8: 117 0.012173175811767578s
round9: 138 0.013447761535644531s
