round0: 15 0.01057577133178711s
round1: 15 0.009021997451782227s
round2: 15 0.008948564529418945s
round3: 15 0.009157657623291016s
round4: 15 0.008928298950195312s
round5: 15 0.00911855697631836s
round6: 15 0.009008646011352539s
round7: 15 0.00923609733581543s
round8: 15 0.009077310562133789s
round9: 15 0.00935816764831543s
