round0: 237 0.013042688369750977s
round1: 231 0.02838611602783203s
round2: 228 0.013450860977172852s
round3: 231 0.014267921447753906s
round4: 228 0.014174938201904297s
round5: 246 0.013482093811035156s
round6: 219 0.012985706329345703s
round7: 273 0.014856576919555664s
round8: 219 0.014245748519897461s
round9: 237 0.013941287994384766s
