round0: 132 0.016324996948242188s
round1: 150 0.01353144645690918s
round2: 123 0.013126134872436523s
round3: 123 0.013121843338012695s
round4: 144 0.01326751708984375s
round5: 153 0.013483047485351562s
round6: 126 0.012913227081298828s
round7: 150 0.013327360153198242s
round8: 132 0.013181209564208984s
round9: 138 0.014531373977661133s
