round0: 90 0.009636878967285156s
round1: 87 0.009484291076660156s
round2: 90 0.013070106506347656s
round3: 84 0.009473562240600586s
round4: 90 0.009473562240600586s
round5: 93 0.010490655899047852s
round6: 90 0.010787248611450195s
round7: 90 0.009490251541137695s
round8: 87 0.009543180465698242s
round9: 90 0.009470939636230469s
