round0: 9 0.009455442428588867s
round1: 9 0.00933837890625s
round2: 9 0.009160280227661133s
round3: 6 0.009290456771850586s
round4: 9 0.009185075759887695s
round5: 9 0.0095062255859375s
round6: 9 0.00899815559387207s
round7: 9 0.010424137115478516s
round8: 9 0.008904695510864258s
round9: 9 0.008987903594970703s
