round0: 120 0.012416362762451172s
round1: 117 0.012346744537353516s
round2: 120 0.012332439422607422s
round3: 120 0.011525154113769531s
round4: 117 0.011996030807495117s
round5: 123 0.012656450271606445s
round6: 120 0.012121915817260742s
round7: 120 0.012668132781982422s
round8: 123 0.012888431549072266s
round9: 117 0.011292695999145508s
