round0: 15 0.027315616607666016s
round1: 15 0.00925302505493164s
round2: 15 0.009125947952270508s
round3: 18 0.009262800216674805s
round4: 15 0.009221315383911133s
round5: 15 0.009255647659301758s
round6: 9 0.009288311004638672s
round7: 15 0.009157657623291016s
round8: 15 0.00905466079711914s
round9: 15 0.009525060653686523s
