round0: 78 0.010107755661010742s
round1: 99 0.011513233184814453s
round2: 84 0.012171745300292969s
round3: 87 0.012121915817260742s
round4: 114 0.011825084686279297s
round5: 96 0.03539586067199707s
round6: 90 0.012243986129760742s
round7: 96 0.012023448944091797s
round8: 111 0.012347698211669922s
round9: 102 0.012613058090209961s
