round0: 5073 0.17488765716552734s
round1: 5376 0.1785874366760254s
round2: 4965 0.16863059997558594s
round3: 5082 0.16628670692443848s
round4: 5292 0.18187832832336426s
round5: 5274 0.18365955352783203s
round6: 5790 0.18220901489257812s
round7: 5748 0.18935108184814453s
round8: 5277 0.17746996879577637s
round9: 5556 0.1794288158416748s
