round0: 1860 0.07018637657165527s
round1: 1857 0.0687417984008789s
round2: 1833 0.06747007369995117s
round3: 1791 0.0673828125s
round4: 1731 0.06631755828857422s
round5: 1605 0.06965517997741699s
round6: 1755 0.06749439239501953s
round7: 1788 0.06713056564331055s
round8: 1707 0.06475281715393066s
round9: 1803 0.06934046745300293s
