round0: 147 0.013940811157226562s
round1: 159 0.01405787467956543s
round2: 162 0.014598846435546875s
round3: 153 0.015909671783447266s
round4: 162 0.014736175537109375s
round5: 162 0.015218019485473633s
round6: 171 0.014384031295776367s
round7: 159 0.01451253890991211s
round8: 168 0.015120267868041992s
round9: 147 0.013841629028320312s
