round0: 813 0.0347285270690918s
round1: 720 0.03466200828552246s
round2: 795 0.0361781120300293s
round3: 801 0.03656816482543945s
round4: 783 0.03157806396484375s
round5: 744 0.029985427856445312s
round6: 750 0.03315114974975586s
round7: 798 0.03338623046875s
round8: 744 0.03565692901611328s
round9: 726 0.03409290313720703s
