round0: 3183 0.1028299331665039s
round1: 3426 0.10439610481262207s
round2: 3570 0.10413146018981934s
round3: 3396 0.105377197265625s
round4: 3408 0.10344815254211426s
round5: 3363 0.10445713996887207s
round6: 3330 0.11282157897949219s
round7: 3366 0.11956453323364258s
round8: 3450 0.10653185844421387s
round9: 3408 0.10316157341003418s
