round0: 1785 0.06704998016357422s
round1: 1668 0.0674433708190918s
round2: 1578 0.0659935474395752s
round3: 1749 0.06781363487243652s
round4: 1764 0.06979179382324219s
round5: 1653 0.06516838073730469s
round6: 1791 0.0654914379119873s
round7: 1770 0.07333707809448242s
round8: 1773 0.07010698318481445s
round9: 1899 0.07161808013916016s
