round0: 1473 0.05553555488586426s
round1: 1341 0.05412912368774414s
round2: 1482 0.05717158317565918s
round3: 1434 0.05692338943481445s
round4: 1191 0.052120208740234375s
round5: 1389 0.06495237350463867s
round6: 1353 0.0575864315032959s
round7: 1470 0.05957436561584473s
round8: 1434 0.05716133117675781s
round9: 1467 0.05773353576660156s
