round0: 3357 0.1206510066986084s
round1: 3327 0.13347697257995605s
round2: 3426 0.12354826927185059s
round3: 3315 0.11911535263061523s
round4: 3297 0.1230936050415039s
round5: 3288 0.11777162551879883s
round6: 3366 0.11953258514404297s
round7: 3306 0.12090539932250977s
round8: 3555 0.1358036994934082s
round9: 3543 0.12958669662475586s
