round0: 8901 0.26232457160949707s
round1: 9282 0.2675466537475586s
round2: 9435 0.25552988052368164s
round3: 9912 0.26963281631469727s
round4: 9738 0.28688669204711914s
round5: 9546 0.3030858039855957s
round6: 9054 0.28094959259033203s
round7: 10032 0.277205228805542s
round8: 10500 0.2776520252227783s
round9: 10344 0.26747632026672363s
