round0: 876 0.03429722785949707s
round1: 861 0.036281585693359375s
round2: 867 0.03581428527832031s
round3: 855 0.03764915466308594s
round4: 867 0.03626394271850586s
round5: 843 0.03585195541381836s
round6: 897 0.03710436820983887s
round7: 858 0.03456544876098633s
round8: 834 0.03477215766906738s
round9: 897 0.036595821380615234s
