round0: 138 0.012107372283935547s
round1: 144 0.011903762817382812s
round2: 135 0.011958122253417969s
round3: 150 0.013776063919067383s
round4: 156 0.01871037483215332s
round5: 141 0.013775348663330078s
round6: 144 0.014034032821655273s
round7: 141 0.013752222061157227s
round8: 147 0.01417994499206543s
round9: 144 0.013728141784667969s
