round0: 2148 0.07555460929870605s
round1: 2028 0.07065725326538086s
round2: 1929 0.06975460052490234s
round3: 2040 0.06956815719604492s
round4: 1941 0.07330155372619629s
round5: 2022 0.07139992713928223s
round6: 2109 0.06493949890136719s
round7: 2010 0.06149601936340332s
round8: 2028 0.06029820442199707s
round9: 2052 0.06294679641723633s
