round0: 3786 0.09738659858703613s
round1: 3768 0.10061812400817871s
round2: 3735 0.10123109817504883s
round3: 3756 0.10760068893432617s
round4: 3648 0.11144781112670898s
round5: 4020 0.17944955825805664s
round6: 3708 0.1288890838623047s
round7: 3579 0.11935234069824219s
round8: 3702 0.126664400100708s
round9: 3720 0.1072685718536377s
