round0: 822 0.029675960540771484s
round1: 873 0.03066110610961914s
round2: 855 0.03512930870056152s
round3: 780 0.03484797477722168s
round4: 801 0.030631542205810547s
round5: 831 0.028897762298583984s
round6: 855 0.030992746353149414s
round7: 792 0.03143930435180664s
round8: 912 0.032620906829833984s
round9: 867 0.0308988094329834s
