round0: 5904 0.19859910011291504s
round1: 5814 0.18347740173339844s
round2: 5532 0.183851957321167s
round3: 6060 0.1906876564025879s
round4: 5778 0.18436241149902344s
round5: 5553 0.1751866340637207s
round6: 5646 0.1866436004638672s
round7: 6054 0.19504785537719727s
round8: 6030 0.1984391212463379s
round9: 6126 0.187896728515625s
