round0: 3888 0.11609625816345215s
round1: 3489 0.1188664436340332s
round2: 3693 0.12515807151794434s
round3: 3795 0.1249091625213623s
round4: 3606 0.12793540954589844s
round5: 3804 0.1258234977722168s
round6: 3735 0.12210321426391602s
round7: 3756 0.12359786033630371s
round8: 3795 0.12508821487426758s
round9: 3663 0.12055301666259766s
