round0: 6 0.01084756851196289s
round1: 9 0.009163618087768555s
round2: 9 0.007915019989013672s
round3: 3 0.008416175842285156s
round4: 9 0.009591817855834961s
round5: 3 0.009146451950073242s
round6: 6 0.008570194244384766s
round7: 3 0.009422063827514648s
round8: 6 0.009237051010131836s
round9: 12 0.009854316711425781s
