round0: 177 0.015311002731323242s
round1: 150 0.015324115753173828s
round2: 171 0.016405105590820312s
round3: 180 0.01554417610168457s
round4: 114 0.014233827590942383s
round5: 168 0.017743587493896484s
round6: 165 0.015205144882202148s
round7: 159 0.01570725440979004s
round8: 177 0.015355110168457031s
round9: 177 0.015509366989135742s
