round0: 0 0.006433248519897461s
round1: 0 0.0064890384674072266s
round2: 0 0.007298469543457031s
round3: 0 0.008051633834838867s
round4: 0 0.009956836700439453s
round5: 0 0.007556915283203125s
round6: 0 0.007538318634033203s
round7: 0 0.007634401321411133s
round8: 0 0.007561922073364258s
round9: 21 0.007130146026611328s
