round0: 1095 0.06506490707397461s
round1: 1281 0.07232975959777832s
round2: 1200 0.06852459907531738s
round3: 1089 0.0657191276550293s
round4: 1194 0.0684201717376709s
round5: 1311 0.06796932220458984s
round6: 1191 0.0657813549041748s
round7: 1218 0.06731057167053223s
round8: 1293 0.07158637046813965s
round9: 1365 0.07848954200744629s
