round0: 8274 0.3388988971710205s
round1: 7389 0.3160116672515869s
round2: 8229 0.31950831413269043s
round3: 7734 0.3067028522491455s
round4: 7992 0.31047511100769043s
round5: 8241 0.3138906955718994s
round6: 7485 0.3009796142578125s
round7: 8163 0.31977248191833496s
round8: 7575 0.35991740226745605s
round9: 7746 0.3433492183685303s
