round0: 2355 0.13261079788208008s
round1: 2322 0.13602232933044434s
round2: 2250 0.12728071212768555s
round3: 2154 0.11470913887023926s
round4: 2517 0.11594438552856445s
round5: 2481 0.1142416000366211s
round6: 2412 0.11665201187133789s
round7: 2247 0.12278342247009277s
round8: 2388 0.11488461494445801s
round9: 2142 0.11119508743286133s
