round0: 0 0.03215646743774414s
round1: 0 0.008355140686035156s
round2: 0 0.008062362670898438s
round3: 0 0.008671760559082031s
round4: 0 0.0094757080078125s
round5: 0 0.010082006454467773s
round6: 0 0.009811878204345703s
round7: 0 0.009728431701660156s
round8: 0 0.010060548782348633s
round9: 0 0.009998798370361328s
