round0: 1416 0.08636355400085449s
round1: 1263 0.0804903507232666s
round2: 1302 0.0841062068939209s
round3: 1203 0.08034539222717285s
round4: 1140 0.07957291603088379s
round5: 1233 0.08289718627929688s
round6: 1356 0.0942375659942627s
round7: 1197 0.08191442489624023s
round8: 1077 0.08093070983886719s
round9: 1374 0.10633277893066406s
