round0: 0 0.006937265396118164s
round1: 0 0.006479740142822266s
round2: 0 0.007248878479003906s
round3: 0 0.007282733917236328s
round4: 0 0.0070209503173828125s
round5: 3 0.006234645843505859s
round6: 0 0.006329059600830078s
round7: 0 0.006173133850097656s
round8: 0 0.006483554840087891s
round9: 0 0.014894485473632812s
