round0: 93 0.013848543167114258s
round1: 78 0.013870954513549805s
round2: 72 0.011818885803222656s
round3: 84 0.01165628433227539s
round4: 87 0.011711597442626953s
round5: 84 0.012626409530639648s
round6: 87 0.013445854187011719s
round7: 90 0.013165473937988281s
round8: 90 0.0112457275390625s
round9: 84 0.012649059295654297s
