round0: 1182 0.07459115982055664s
round1: 1272 0.07459616661071777s
round2: 1131 0.07244706153869629s
round3: 1197 0.07343363761901855s
round4: 1347 0.07455086708068848s
round5: 1203 0.06403541564941406s
round6: 1149 0.06214427947998047s
round7: 1278 0.07080602645874023s
round8: 1191 0.06538891792297363s
round9: 1101 0.06396293640136719s
