round0: 111 0.013065814971923828s
round1: 111 0.013958454132080078s
round2: 123 0.013761043548583984s
round3: 132 0.03143930435180664s
round4: 108 0.013986587524414062s
round5: 117 0.014142274856567383s
round6: 123 0.014195919036865234s
round7: 129 0.014356136322021484s
round8: 117 0.013839483261108398s
round9: 126 0.013633966445922852s
