round0: 3894 0.19352126121520996s
round1: 4017 0.18196487426757812s
round2: 4089 0.18190956115722656s
round3: 3726 0.17480087280273438s
round4: 3507 0.18745636940002441s
round5: 3909 0.22039222717285156s
round6: 4011 0.23412466049194336s
round7: 4020 0.20759224891662598s
round8: 3900 0.20977044105529785s
round9: 3810 0.2092454433441162s
