round0: 2601 0.14967584609985352s
round1: 2409 0.12886714935302734s
round2: 2400 0.13402175903320312s
round3: 2592 0.1321549415588379s
round4: 2406 0.12794041633605957s
round5: 2577 0.13318729400634766s
round6: 2703 0.13779640197753906s
round7: 2499 0.1296522617340088s
round8: 2361 0.12809133529663086s
round9: 2511 0.13502979278564453s
