round0: 1176 0.08202409744262695s
round1: 1224 0.0836174488067627s
round2: 1329 0.08691167831420898s
round3: 1233 0.08563804626464844s
round4: 1086 0.07744526863098145s
round5: 1356 0.08629345893859863s
round6: 1164 0.0975046157836914s
round7: 1020 0.07828426361083984s
round8: 1167 0.08316993713378906s
round9: 1080 0.07838606834411621s
