round0: 15531 0.7542438507080078s
round1: 16386 0.63096022605896s
round2: 16800 0.6392762660980225s
round3: 15768 0.6219484806060791s
round4: 14736 0.5726370811462402s
round5: 16518 0.6303653717041016s
round6: 16446 0.7159333229064941s
round7: 16227 0.6090033054351807s
round8: 16029 0.6077525615692139s
round9: 14280 0.5622413158416748s
