round0: 1290 0.06893682479858398s
round1: 1074 0.07614827156066895s
round2: 1050 0.07352447509765625s
round3: 1053 0.08977174758911133s
round4: 1080 0.07199692726135254s
round5: 1086 0.07112836837768555s
round6: 1158 0.0716104507446289s
round7: 1071 0.06959867477416992s
round8: 1167 0.06904959678649902s
round9: 1152 0.06871294975280762s
