round0: 141 0.03325152397155762s
round1: 141 0.032891273498535156s
round2: 144 0.03279423713684082s
round3: 129 0.03313422203063965s
round4: 147 0.03260326385498047s
round5: 141 0.03239750862121582s
round6: 144 0.03230619430541992s
round7: 135 0.030661344528198242s
round8: 138 0.03255057334899902s
round9: 126 0.030942440032958984s
