round0: 3 0.002455472946166992s
round1: 3 0.0022096633911132812s
round2: 3 0.002374410629272461s
round3: 3 0.0022401809692382812s
round4: 3 0.0028617382049560547s
round5: 3 0.0031893253326416016s
round6: 3 0.0031490325927734375s
round7: 3 0.0030570030212402344s
round8: 3 0.002973794937133789s
round9: 3 0.002916574478149414s
