round0: 48 0.011811017990112305s
round1: 48 0.01241445541381836s
round2: 51 0.011547088623046875s
round3: 45 0.013774871826171875s
round4: 45 0.011142253875732422s
round5: 45 0.01217031478881836s
round6: 45 0.012093067169189453s
round7: 45 0.011047124862670898s
round8: 48 0.011799097061157227s
round9: 45 0.011880874633789062s
