round0: 0 0.001882314682006836s
round1: 0 0.0019078254699707031s
round2: 0 0.0020520687103271484s
round3: 0 0.002022266387939453s
round4: 0 0.0021975040435791016s
round5: 0 0.0028078556060791016s
round6: 0 0.0028231143951416016s
round7: 0 0.002611875534057617s
round8: 0 0.0027823448181152344s
round9: 0 0.0027747154235839844s
