round0: 126 0.029976606369018555s
round1: 123 0.02875518798828125s
round2: 123 0.02926158905029297s
round3: 120 0.02834010124206543s
round4: 126 0.029200315475463867s
round5: 126 0.02959728240966797s
round6: 123 0.028182029724121094s
round7: 132 0.029999732971191406s
round8: 129 0.02885603904724121s
round9: 120 0.028855562210083008s
