round0: 3 0.0032317638397216797s
round1: 3 0.0031728744506835938s
round2: 3 0.0032792091369628906s
round3: 3 0.0022072792053222656s
round4: 3 0.0020401477813720703s
round5: 3 0.0021600723266601562s
round6: 3 0.002126455307006836s
round7: 3 0.0020935535430908203s
round8: 3 0.002199411392211914s
round9: 3 0.002093791961669922s
