round0: 0 0.002524137496948242s
round1: 0 0.004144191741943359s
round2: 0 0.004211902618408203s
round3: 0 0.003945112228393555s
round4: 0 0.0038149356842041016s
round5: 0 0.003911495208740234s
round6: 0 0.0038716793060302734s
round7: 0 0.0038161277770996094s
round8: 0 0.004092216491699219s
round9: 0 0.0041773319244384766s
