round0: 357 0.06570315361022949s
round1: 363 0.06472563743591309s
round2: 357 0.06551623344421387s
round3: 354 0.06493306159973145s
round4: 363 0.06529378890991211s
round5: 339 0.05865740776062012s
round6: 348 0.06272053718566895s
round7: 351 0.055977582931518555s
round8: 360 0.06410861015319824s
round9: 357 0.06096339225769043s
