round0: 36 0.011569023132324219s
round1: 36 0.01380300521850586s
round2: 33 0.011100530624389648s
round3: 36 0.010812759399414062s
round4: 36 0.010066509246826172s
round5: 33 0.010753393173217773s
round6: 39 0.010892868041992188s
round7: 33 0.009581565856933594s
round8: 36 0.009909868240356445s
round9: 36 0.01061391830444336s
