round0: 123 0.03174734115600586s
round1: 135 0.028475046157836914s
round2: 138 0.030032634735107422s
round3: 126 0.027765750885009766s
round4: 132 0.02727508544921875s
round5: 135 0.026037216186523438s
round6: 135 0.026237010955810547s
round7: 129 0.029526472091674805s
round8: 126 0.03086996078491211s
round9: 129 0.03360772132873535s
