round0: 144 0.028034210205078125s
round1: 129 0.02922654151916504s
round2: 153 0.030987977981567383s
round3: 138 0.03184652328491211s
round4: 141 0.031461238861083984s
round5: 141 0.03146243095397949s
round6: 144 0.032625675201416016s
round7: 141 0.030900001525878906s
round8: 141 0.028620481491088867s
round9: 141 0.030890226364135742s
