round0: 354 0.07111692428588867s
round1: 363 0.07097697257995605s
round2: 366 0.06826496124267578s
round3: 360 0.06905245780944824s
round4: 339 0.06790876388549805s
round5: 369 0.06721377372741699s
round6: 360 0.06614065170288086s
round7: 357 0.06062722206115723s
round8: 369 0.06443023681640625s
round9: 354 0.06089663505554199s
