round0: 378 0.06643843650817871s
round1: 381 0.0700690746307373s
round2: 384 0.06708621978759766s
round3: 387 0.0691533088684082s
round4: 363 0.05934476852416992s
round5: 387 0.06425356864929199s
round6: 378 0.06766510009765625s
round7: 390 0.07012009620666504s
round8: 387 0.07087421417236328s
round9: 390 0.06317281723022461s
