round0: 45 0.01169729232788086s
round1: 45 0.01259469985961914s
round2: 42 0.011447429656982422s
round3: 42 0.011577844619750977s
round4: 36 0.010249853134155273s
round5: 45 0.01090693473815918s
round6: 45 0.01067972183227539s
round7: 39 0.011676788330078125s
round8: 42 0.012625932693481445s
round9: 39 0.010898828506469727s
