round0: 135 0.027655839920043945s
round1: 138 0.029204845428466797s
round2: 135 0.03027820587158203s
round3: 126 0.02942061424255371s
round4: 123 0.03255653381347656s
round5: 126 0.030038118362426758s
round6: 132 0.030372142791748047s
round7: 126 0.029912471771240234s
round8: 129 0.025429248809814453s
round9: 129 0.02784585952758789s
