round0: 3 0.003098011016845703s
round1: 3 0.0038671493530273438s
round2: 3 0.004408597946166992s
round3: 3 0.0044329166412353516s
round4: 3 0.0044591426849365234s
round5: 3 0.00436711311340332s
round6: 3 0.004373788833618164s
round7: 3 0.004229307174682617s
round8: 3 0.004278898239135742s
round9: 3 0.004221677780151367s
