round0: 33 0.011217355728149414s
round1: 33 0.010932445526123047s
round2: 36 0.011568546295166016s
round3: 33 0.01209568977355957s
round4: 39 0.011774301528930664s
round5: 30 0.011597394943237305s
round6: 33 0.011434555053710938s
round7: 33 0.011046648025512695s
round8: 33 0.011158943176269531s
round9: 30 0.010959863662719727s
