round0: 3 0.0021581649780273438s
round1: 3 0.0020966529846191406s
round2: 3 0.002115011215209961s
round3: 3 0.002180337905883789s
round4: 3 0.002091646194458008s
round5: 3 0.0021049976348876953s
round6: 3 0.002074718475341797s
round7: 3 0.002117156982421875s
round8: 3 0.0020835399627685547s
round9: 3 0.002086162567138672s
