round0: 126 0.030111312866210938s
round1: 123 0.032819271087646484s
round2: 129 0.032523393630981445s
round3: 120 0.032358646392822266s
round4: 129 0.03231048583984375s
round5: 135 0.03160881996154785s
round6: 129 0.03339982032775879s
round7: 132 0.03216218948364258s
round8: 129 0.03170275688171387s
round9: 138 0.03165006637573242s
