round0: 360 0.0700387954711914s
round1: 339 0.07222175598144531s
round2: 342 0.06620311737060547s
round3: 348 0.06762552261352539s
round4: 348 0.06353473663330078s
round5: 354 0.06716418266296387s
round6: 345 0.06733393669128418s
round7: 348 0.06981182098388672s
round8: 330 0.06808352470397949s
round9: 357 0.06004047393798828s
