round0: 360 0.07059812545776367s
round1: 363 0.06878447532653809s
round2: 360 0.06726646423339844s
round3: 369 0.06931447982788086s
round4: 354 0.06939816474914551s
round5: 372 0.06902790069580078s
round6: 348 0.06571459770202637s
round7: 354 0.06890416145324707s
round8: 357 0.07410359382629395s
round9: 357 0.06922769546508789s
