round0: 0 0.002625703811645508s
round1: 0 0.0033690929412841797s
round2: 0 0.003409147262573242s
round3: 0 0.003505229949951172s
round4: 3 0.004346370697021484s
round5: 0 0.004029750823974609s
round6: 0 0.00400543212890625s
round7: 0 0.004013538360595703s
round8: 3 0.0040628910064697266s
round9: 0 0.003953218460083008s
