round0: 0 0.0024039745330810547s
round1: 0 0.0024220943450927734s
round2: 0 0.0024857521057128906s
round3: 0 0.002515554428100586s
round4: 0 0.0024912357330322266s
round5: 0 0.0024824142456054688s
round6: 0 0.002467632293701172s
round7: 0 0.0024890899658203125s
round8: 0 0.0024137496948242188s
round9: 0 0.002006053924560547s
