round0: 36 0.011996269226074219s
round1: 30 0.011811494827270508s
round2: 33 0.010570764541625977s
round3: 36 0.01155543327331543s
round4: 33 0.011367321014404297s
round5: 36 0.011893272399902344s
round6: 36 0.012170076370239258s
round7: 39 0.011715412139892578s
round8: 36 0.012705802917480469s
round9: 36 0.011788368225097656s
