round0: 3 0.002512216567993164s
round1: 3 0.0022916793823242188s
round2: 3 0.0023300647735595703s
round3: 3 0.002457857131958008s
round4: 3 0.002876758575439453s
round5: 3 0.003458738327026367s
round6: 3 0.004262208938598633s
round7: 3 0.004426240921020508s
round8: 3 0.004406452178955078s
round9: 3 0.004402875900268555s
