round0: 138 0.029036998748779297s
round1: 141 0.030281543731689453s
round2: 141 0.0302579402923584s
round3: 138 0.025283098220825195s
round4: 129 0.024843692779541016s
round5: 141 0.0256192684173584s
round6: 135 0.025333642959594727s
round7: 144 0.03217148780822754s
round8: 138 0.030457019805908203s
round9: 141 0.03135538101196289s
