round0: 354 0.06902408599853516s
round1: 372 0.06457090377807617s
round2: 363 0.06739497184753418s
round3: 354 0.06378722190856934s
round4: 357 0.06761431694030762s
round5: 372 0.0547788143157959s
round6: 369 0.05353808403015137s
round7: 357 0.06132221221923828s
round8: 357 0.05782794952392578s
round9: 366 0.06456160545349121s
