round0: 39 0.013840198516845703s
round1: 42 0.01305532455444336s
round2: 42 0.01289820671081543s
round3: 42 0.013185739517211914s
round4: 45 0.013579130172729492s
round5: 42 0.012295722961425781s
round6: 36 0.013104438781738281s
round7: 39 0.010713577270507812s
round8: 42 0.0120697021484375s
round9: 36 0.01327824592590332s
