round0: 378 0.06698942184448242s
round1: 384 0.06597518920898438s
round2: 375 0.05550527572631836s
round3: 378 0.06253886222839355s
round4: 366 0.0665132999420166s
round5: 369 0.060952186584472656s
round6: 384 0.06427145004272461s
round7: 366 0.06176280975341797s
round8: 381 0.06666803359985352s
round9: 372 0.06550216674804688s
