round0: 45 0.012010335922241211s
round1: 42 0.011658191680908203s
round2: 42 0.012656927108764648s
round3: 39 0.012285709381103516s
round4: 42 0.01247859001159668s
round5: 39 0.012302398681640625s
round6: 39 0.011998176574707031s
round7: 39 0.012625694274902344s
round8: 45 0.013016223907470703s
round9: 42 0.012533187866210938s
