round0: 153 0.03010869026184082s
round1: 135 0.02972555160522461s
round2: 147 0.0324091911315918s
round3: 144 0.030150413513183594s
round4: 138 0.03184843063354492s
round5: 141 0.032592058181762695s
round6: 138 0.03292036056518555s
round7: 144 0.03370213508605957s
round8: 147 0.03438520431518555s
round9: 141 0.0291903018951416s
