round0: 42 0.009530305862426758s
round1: 48 0.009276151657104492s
round2: 45 0.010820150375366211s
round3: 45 0.011401653289794922s
round4: 45 0.011394023895263672s
round5: 39 0.011919021606445312s
round6: 39 0.013218402862548828s
round7: 42 0.012641191482543945s
round8: 45 0.012643814086914062s
round9: 45 0.013782501220703125s
