round0: 3 0.0028693675994873047s
round1: 3 0.002922534942626953s
round2: 3 0.0029227733612060547s
round3: 3 0.0028107166290283203s
round4: 3 0.0028076171875s
round5: 3 0.0028884410858154297s
round6: 3 0.002805948257446289s
round7: 3 0.0028688907623291016s
round8: 3 0.002936124801635742s
round9: 3 0.0029315948486328125s
