round0: 384 0.06756186485290527s
round1: 369 0.07117319107055664s
round2: 372 0.0656895637512207s
round3: 378 0.06667637825012207s
round4: 375 0.0625009536743164s
round5: 378 0.06777811050415039s
round6: 372 0.06067061424255371s
round7: 372 0.06517529487609863s
round8: 363 0.07031798362731934s
round9: 381 0.07032179832458496s
