round0: 120 0.02855396270751953s
round1: 123 0.02905130386352539s
round2: 117 0.029215335845947266s
round3: 126 0.03068232536315918s
round4: 129 0.024529695510864258s
round5: 132 0.024966001510620117s
round6: 129 0.02787160873413086s
round7: 129 0.028926372528076172s
round8: 126 0.029305696487426758s
round9: 129 0.028371334075927734s
