round0: 24 0.008576393127441406s
round1: 27 0.008331298828125s
round2: 24 0.00850677490234375s
round3: 24 0.009049415588378906s
round4: 24 0.00895380973815918s
round5: 30 0.009785652160644531s
round6: 24 0.008971214294433594s
round7: 30 0.01035451889038086s
round8: 24 0.009670495986938477s
round9: 27 0.009629964828491211s
