round0: 354 0.0625s
round1: 354 0.053511619567871094s
round2: 345 0.05418753623962402s
round3: 357 0.06348061561584473s
round4: 360 0.05896425247192383s
round5: 348 0.059497833251953125s
round6: 357 0.058768272399902344s
round7: 357 0.05873560905456543s
round8: 351 0.06195712089538574s
round9: 354 0.060552120208740234s
