round0: 36 0.010924339294433594s
round1: 36 0.012505054473876953s
round2: 39 0.012297391891479492s
round3: 42 0.01286935806274414s
round4: 45 0.01200723648071289s
round5: 39 0.012481451034545898s
round6: 42 0.013481616973876953s
round7: 42 0.013387680053710938s
round8: 39 0.011356830596923828s
round9: 36 0.010518789291381836s
