round0: 138 0.03235054016113281s
round1: 144 0.03327155113220215s
round2: 144 0.03067946434020996s
round3: 147 0.03304648399353027s
round4: 141 0.03359222412109375s
round5: 144 0.03019571304321289s
round6: 135 0.029654264450073242s
round7: 132 0.030750274658203125s
round8: 141 0.024600744247436523s
round9: 144 0.027795076370239258s
