round0: 351 0.06660962104797363s
round1: 354 0.0652315616607666s
round2: 345 0.05780315399169922s
round3: 333 0.06756734848022461s
round4: 330 0.06020522117614746s
round5: 357 0.06159663200378418s
round6: 351 0.05609297752380371s
round7: 354 0.054038286209106445s
round8: 348 0.05790352821350098s
round9: 363 0.06121635437011719s
