round0: 36 0.008013010025024414s
round1: 36 0.010280132293701172s
round2: 33 0.010186195373535156s
round3: 30 0.010335683822631836s
round4: 30 0.010650873184204102s
round5: 39 0.010791778564453125s
round6: 33 0.010499715805053711s
round7: 33 0.009963035583496094s
round8: 33 0.009945154190063477s
round9: 30 0.010904312133789062s
