round0: 243 0.04582643508911133s
round1: 252 0.0494685173034668s
round2: 258 0.05330157279968262s
round3: 261 0.046120643615722656s
round4: 258 0.04642486572265625s
round5: 258 0.050853729248046875s
round6: 252 0.05261707305908203s
round7: 261 0.04560375213623047s
round8: 261 0.05186009407043457s
round9: 258 0.04911518096923828s
