round0: 3 0.0020303726196289062s
round1: 3 0.002101898193359375s
round2: 3 0.0018563270568847656s
round3: 3 0.0019021034240722656s
round4: 3 0.0018854141235351562s
round5: 3 0.0019724369049072266s
round6: 3 0.002048492431640625s
round7: 3 0.0018770694732666016s
round8: 3 0.001972675323486328s
round9: 3 0.0019218921661376953s
