round0: 18 0.005380392074584961s
round1: 18 0.005334138870239258s
round2: 18 0.005464315414428711s
round3: 18 0.005064487457275391s
round4: 18 0.0053484439849853516s
round5: 18 0.004948854446411133s
round6: 18 0.005299568176269531s
round7: 18 0.005434274673461914s
round8: 21 0.005221128463745117s
round9: 18 0.005417346954345703s
