round0: 0 0.0025408267974853516s
round1: 3 0.0039751529693603516s
round2: 6 0.00403141975402832s
round3: 3 0.004034280776977539s
round4: 6 0.00413203239440918s
round5: 0 0.004124879837036133s
round6: 3 0.00402379035949707s
round7: 3 0.00415802001953125s
round8: 3 0.004068851470947266s
round9: 3 0.0042536258697509766s
