round0: 0 0.001712799072265625s
round1: 0 0.0016655921936035156s
round2: 0 0.0016717910766601562s
round3: 0 0.0022225379943847656s
round4: 0 0.003148794174194336s
round5: 0 0.0031845569610595703s
round6: 0 0.0031104087829589844s
round7: 0 0.0032787322998046875s
round8: 0 0.003245115280151367s
round9: 0 0.0032896995544433594s
