round0: 0 0.004106760025024414s
round1: 6 0.004471302032470703s
round2: 6 0.004520416259765625s
round3: 3 0.004220724105834961s
round4: 0 0.004214763641357422s
round5: 0 0.004218578338623047s
round6: 6 0.004097461700439453s
round7: 6 0.004222869873046875s
round8: 3 0.004205226898193359s
round9: 3 0.004484653472900391s
