round0: 0 0.001882314682006836s
round1: 0 0.001833200454711914s
round2: 0 0.0018205642700195312s
round3: 0 0.002557516098022461s
round4: 0 0.003275156021118164s
round5: 0 0.003320932388305664s
round6: 0 0.003274202346801758s
round7: 0 0.003391742706298828s
round8: 0 0.003305673599243164s
round9: 0 0.0033309459686279297s
