round0: 7029 0.8118457794189453s
round1: 7305 0.7393622398376465s
round2: 5148 0.7836325168609619s
round3: 5148 0.7692654132843018s
round4: 5148 0.711883544921875s
round5: 6750 0.8558328151702881s
round6: 6267 0.8112764358520508s
round7: 7158 0.7045383453369141s
round8: 6906 0.7405343055725098s
round9: 6768 0.7807586193084717s
