round0: 129 0.022864580154418945s
round1: 126 0.0251619815826416s
round2: 123 0.023850202560424805s
round3: 132 0.02591538429260254s
round4: 111 0.025052309036254883s
round5: 111 0.026230573654174805s
round6: 117 0.02816319465637207s
round7: 120 0.029771089553833008s
round8: 123 0.02760028839111328s
round9: 138 0.03212928771972656s
