round0: 129 0.03245687484741211s
round1: 126 0.02669215202331543s
round2: 123 0.029200077056884766s
round3: 132 0.03130006790161133s
round4: 111 0.02833414077758789s
round5: 111 0.030091285705566406s
round6: 117 0.026816844940185547s
round7: 120 0.029831647872924805s
round8: 123 0.027985334396362305s
round9: 138 0.02591729164123535s
