round0: 0 0.004041910171508789s
round1: 0 0.0039403438568115234s
round2: 0 0.003943204879760742s
round3: 0 0.003911256790161133s
round4: 0 0.0039215087890625s
round5: 3 0.0040435791015625s
round6: 0 0.004040956497192383s
round7: 0 0.004321575164794922s
round8: 0 0.003895998001098633s
round9: 0 0.003996372222900391s
