round0: 282 0.05419468879699707s
round1: 285 0.056504011154174805s
round2: 279 0.05564689636230469s
round3: 285 0.05491065979003906s
round4: 279 0.05705142021179199s
round5: 279 0.05391836166381836s
round6: 291 0.057778120040893555s
round7: 276 0.055976152420043945s
round8: 279 0.055670738220214844s
round9: 294 0.056940317153930664s
