round0: 39 0.008999347686767578s
round1: 39 0.008446216583251953s
round2: 42 0.011425971984863281s
round3: 42 0.01155400276184082s
round4: 36 0.013125181198120117s
round5: 42 0.013406991958618164s
round6: 39 0.013563394546508789s
round7: 45 0.01450347900390625s
round8: 36 0.013034582138061523s
round9: 45 0.013019800186157227s
