round0: 294 0.05151486396789551s
round1: 297 0.05615401268005371s
round2: 297 0.05725216865539551s
round3: 291 0.057878971099853516s
round4: 288 0.05698108673095703s
round5: 306 0.05776691436767578s
round6: 291 0.05815315246582031s
round7: 294 0.060010671615600586s
round8: 297 0.06012535095214844s
round9: 306 0.061365365982055664s
