round0: 48 0.01491999626159668s
round1: 42 0.014553308486938477s
round2: 48 0.014893531799316406s
round3: 51 0.01495218276977539s
round4: 39 0.014783382415771484s
round5: 45 0.013777732849121094s
round6: 51 0.014946937561035156s
round7: 48 0.013526201248168945s
round8: 45 0.012492656707763672s
round9: 42 0.011528968811035156s
