round0: 600 0.07451939582824707s
round1: 609 0.07806921005249023s
round2: 600 0.08381295204162598s
round3: 600 0.08974480628967285s
round4: 609 0.09073638916015625s
round5: 597 0.0958256721496582s
round6: 606 0.09074544906616211s
round7: 612 0.09282708168029785s
round8: 591 0.09224224090576172s
round9: 579 0.09444594383239746s
