round0: 87 0.02365851402282715s
round1: 78 0.0244293212890625s
round2: 87 0.024483919143676758s
round3: 99 0.024363040924072266s
round4: 87 0.02372455596923828s
round5: 96 0.024052143096923828s
round6: 90 0.024638891220092773s
round7: 90 0.024733781814575195s
round8: 96 0.02444601058959961s
round9: 105 0.025716304779052734s
