round0: 315 0.06339526176452637s
round1: 306 0.05754518508911133s
round2: 288 0.06005096435546875s
round3: 306 0.05697441101074219s
round4: 303 0.05876326560974121s
round5: 306 0.05923795700073242s
round6: 312 0.05956912040710449s
round7: 297 0.05841851234436035s
round8: 279 0.06115984916687012s
round9: 306 0.0528111457824707s
