round0: 27 0.006450176239013672s
round1: 36 0.009089946746826172s
round2: 33 0.010297060012817383s
round3: 30 0.008800506591796875s
round4: 42 0.011572122573852539s
round5: 33 0.008873462677001953s
round6: 39 0.011661052703857422s
round7: 30 0.01135563850402832s
round8: 36 0.01175832748413086s
round9: 33 0.011830568313598633s
