round0: 315 0.056069135665893555s
round1: 306 0.0559842586517334s
round2: 288 0.05160117149353027s
round3: 306 0.0503230094909668s
round4: 303 0.05327916145324707s
round5: 306 0.055347442626953125s
round6: 312 0.055425167083740234s
round7: 297 0.05701422691345215s
round8: 279 0.05171680450439453s
round9: 306 0.05518770217895508s
