round0: 36 0.006890773773193359s
round1: 39 0.01011347770690918s
round2: 39 0.009566783905029297s
round3: 42 0.010394811630249023s
round4: 36 0.010335206985473633s
round5: 36 0.012634992599487305s
round6: 36 0.012793540954589844s
round7: 39 0.012273073196411133s
round8: 39 0.012543439865112305s
round9: 45 0.012817621231079102s
