round0: 3819 0.3894364833831787s
round1: 3822 0.37123537063598633s
round2: 3519 0.35466527938842773s
round3: 4155 0.3849494457244873s
round4: 3567 0.3758375644683838s
round5: 3711 0.37566113471984863s
round6: 3951 0.37536191940307617s
round7: 4020 0.3815934658050537s
round8: 4080 0.3608546257019043s
round9: 3726 0.37015247344970703s
