round0: 0 0.0033807754516601562s
round1: 0 0.003414630889892578s
round2: 0 0.0033562183380126953s
round3: 0 0.003401041030883789s
round4: 0 0.0033864974975585938s
round5: 0 0.003450632095336914s
round6: 0 0.003387451171875s
round7: 0 0.0034368038177490234s
round8: 0 0.0035080909729003906s
round9: 0 0.003469228744506836s
