round0: 0 0.0019419193267822266s
round1: 0 0.0018703937530517578s
round2: 0 0.0018377304077148438s
round3: 0 0.0018970966339111328s
round4: 0 0.001813650131225586s
round5: 0 0.0019078254699707031s
round6: 0 0.0018219947814941406s
round7: 0 0.0018527507781982422s
round8: 0 0.0018298625946044922s
round9: 0 0.0018463134765625s
