round0: 0 0.0036630630493164062s
round1: 0 0.003909111022949219s
round2: 6 0.00363922119140625s
round3: 0 0.0035812854766845703s
round4: 0 0.0035867691040039062s
round5: 0 0.003861665725708008s
round6: 0 0.0035517215728759766s
round7: 3 0.005299806594848633s
round8: 3 0.0035789012908935547s
round9: 0 0.0036551952362060547s
